# Fix print output for fix an4
13.1656904781668
43.6140434234801
14.5286902285274
17.267194511193
12.9231101786704
11.5613439362075
20.0946160840146
28.0501677503198
44.347632106315
32.4661242247784
45.4895728752103
36.9781622812898
26.1694444473145
6.99392983455691
58.1864065987995
24.5751179201087
46.4887625780338
29.3563767986166
32.6137507066136
9.14976265918868
37.1037020048285
25.6299353290632
23.9880905992794
26.9586034817052
33.8313688356087
32.6268093218597
45.5859376591528
14.9033147175099
16.0109906193983
42.3740184512136
40.4478346965464
45.2457613294111
10.9894449197765
54.7924115451092
27.6429156681306
29.3981660451562
6.60506043596421
27.055633759025
36.9180321065846
21.9241755029593
37.4778570368986
52.7559657776821
26.4275237111904
13.9303106599379
2.07402870376696
15.5928011815673
11.4926427100172
29.7142254626333
51.0771689084155
34.9449134358109
40.5344601565614
33.1881049629102
18.3597117686005
23.4775061278477
52.636400643539
31.3640668331868
33.2026336616014
41.620586733867
6.10064287515407
9.80397517139634
35.963650746079
25.7358893463682
19.1472722151118
20.6564891585302
32.5004090867207
16.193343730566
19.3785971837383
39.6773168402991
18.119350372239
36.6912052167481
17.1719998442255
44.2587061188518
41.3045644113754
23.0606976555549
16.0033944076734
20.3447510367746
34.6674872586715
18.2155672186377
21.9352802756531
8.28455382719832
33.1786220477907
18.0370587793642
27.7871620417173
10.8353917157399
24.4761373331933
16.5934883069585
21.528269571167
11.5769599395917
25.1150981948974
34.4128107137704
27.1469961000748
36.909322311315
51.8718184835826
14.3988418584387
10.4741928227828
44.2342179013104
17.9122406692544
9.46566879222869
29.6309739819434
8.59779588381039
8.80888952484672
23.5432930929862
37.9121540026719
44.2780763370229
20.1659735700616
7.67379583792809
23.598266350097
7.35707333120215
16.8172592678173
25.5750101843367
20.6572033055889
34.8580488891225
24.4314650469874
20.6701174927759
10.4738698182354
16.0010599586845
26.7950575983859
28.2057664315608
43.0109645157648
44.2079399509503
31.7503466835958
17.9176075944654
16.394820424165
7.98632372470309
7.64307873396017
18.6616828208354
13.280061491196
25.4675917722001
63.1324695259311
26.9637142066416
30.9453188670614
18.3020400466014
24.6005631635262
13.7778782466982
22.0900083460105
11.8963077197921
27.0407725320811
18.6305655497949
28.0329964789868
18.5574748515666
46.3590323797721
7.08683761455171
13.0471121872307
35.6305111083553
30.7393681435822
35.1914719396882
11.1922875048515
40.5837108666839
28.8386869664892
21.707301325223
12.7615435788607
32.730869559691
26.298568701809
9.7682893832467
16.0310917695986
17.580415491794
60.0256438149653
15.2511340108262
14.2379404697808
37.0265263070982
27.2441319045476
42.7384545485844
34.6835545373449
25.4143973596772
20.8052038631828
45.3173466413785
21.6701806860915
33.7227685380164
12.5448702783649
35.3192313156906
29.5300671786885
15.3770414407483
39.5304301482177
14.1549782326951
21.909539209434
3.20107579551794
33.4435456633707
9.38081308120662
17.0020354397155
21.7542773179464
13.1390540963138
9.29342915308773
34.8249131730419
43.2488498903858
27.4765048709755
3.48381636494704
20.9728164495291
30.2441001132366
19.2298283443888
20.712758183379
35.8228266740552
29.0618827843956
12.2498805713063
20.8080964059647
14.9298322146169
19.0275340762227
7.01524272483548
32.3995452891818
14.1751062282891
23.5817775882145
21.4449907153283
24.5331217864136
10.7782353082318
28.3976137587025
28.4561872589413
19.4232281038219
24.3563905126317
33.9246264788619
21.7282498447913
31.985223482554
32.1911870404034
19.9812386514134
25.3956654725303
21.9124147478075
14.0520124429198
34.7962114569719
42.7968910725099
22.8907878346563
2.79871924234384
16.699561048897
6.54036626974161
38.4391414295411
40.4609371503693
28.8114206274778
26.2584796644611
16.0309463390678
42.5251003371239
31.9399837426932
16.0123118039459
58.7074619695352
23.3045711626209
51.6373586177887
22.7749571753854
32.4893235195734
10.5359044502809
15.1809138275746
44.9793779268263
35.1290220339874
3.94625996017636
18.0191186703806
39.2318110651931
2.99468929986946
7.32752967133754
14.8078754352574
45.8506648116429
37.4377911760675
27.8152552623137
26.8939234837559
33.1133360554923
25.2527743204137
11.605830889965
31.0293879157801
45.0360854757769
12.2190004712013
19.2879618008231
12.3817647972785
14.7136175125651
21.1667625554543
9.05471512063299
22.4843209441588
27.4902663452935
19.2434987642405
30.0706752265132
50.8387850574496
31.9998292189318
46.2972976118932
27.0917243105125
0.986532334265691
18.0632197038098
28.5524467931019
13.103024716164
40.9294798893423
7.28157930905771
6.55210159186928
10.4373741140387
34.261995490185
6.09618947038103
6.35786499817962
17.1905607365119
14.6178704352035
43.4982383804567
26.4900132983384
22.3264655317868
34.4085570037536
25.2916859860109
31.0779467320946
20.9772280266876
39.1665527676368
20.7403694195823
21.056718585472
33.3059881150864
10.5466195217444
19.6879294853826
23.1349226861577
4.98194274147381
10.5399808148167
10.9831702259514
32.4510278107123
11.5630472015152
18.7348670472806
22.3866074405259
21.8851230915013
39.6211923126022
25.2607497085013
11.2861576991295
48.4723500616177
20.3636022798466
23.6027332831571
47.880642322472
21.0652832415202
10.5182550415455
20.7867715629013
22.0635578463278
15.6344698278632
46.0277750285772
8.11174246392635
11.3239956067474
47.1154888233373
30.076395445051
40.952197541609
21.2627009542352
9.5244940634033
29.7309549035393
24.6293118882609
11.0764660888823
41.2706916639381
28.6433005516676
18.7076557946645
11.9654194705829
37.293649964877
37.7034054413757
12.0418391545921
33.4958539234292
5.54938689311752
8.66909933965443
16.5595979061644
19.1924060932777
42.0245832484504
25.1092351799285
42.6422541414372
23.3195980597263
32.5496251765009
21.9502913080951
36.2004706721072
19.4770390138169
55.7582332080971
17.2012242461912
18.9396336778054
49.155198978905
15.6983846339758
39.114130984544
52.1852803552962
24.8658907864799
23.8240928456442
5.97882121255401
16.3902915348913
14.5930238242609
12.2381151888851
6.61632002834375
22.7090971982901
2.94459717244216
33.2768954468779
29.1256559326442
10.4691579096274
27.0915806687526
12.2218130042859
23.6012789308531
26.2372846583866
23.4985886230385
24.6821003501268
10.2170102100966
20.8936792231057
15.0398584831566
27.5218057906119
39.5016819991721
31.0081368120314
17.9508771832286
17.9505500348943
41.8352021901725
19.5380909316733
25.6921159087106
13.7487350451494
34.0417420805142
23.3413068443458
25.3460463016428
40.3748013944602
35.6806255454887
39.9016453112803
21.4897738539011
26.3488142662325
3.9002328186231
22.0989796861428
26.9415786768703
19.5463139077816
29.7599529951425
41.5275618051485
12.8845410488091
13.312448378376
19.1009721023574
21.8761848556563
17.5399947727875
26.4475446958938
38.5654549158028
27.0948527098579
25.5297844572261
11.2839932482658
10.6802767038623
11.4740288077781
23.51192227307
14.385505263106
44.0522408281005
17.6572854383397
14.5226729275402
33.3702374591646
10.9450244760336
6.50089249213218
19.679550276716
15.7650678605346
42.4158803509144
16.6699053225897
20.353644429579
30.9394223552632
48.3541439597096
8.66132095846812
26.1848407720217
10.1963424480286
38.3741402054693
3.62493552260983
45.1376357461205
21.3566915699819
35.0691131434153
15.6559468887107
20.5916420090446
24.1019797680063
19.5590244111729
14.5513784114911
36.684812848322
28.9202395036178
19.5085894951917
45.8865427499349
17.2281607918584
22.731574511161
7.2460937219618
13.4566030615321
22.9145918077465
37.5934411460892
8.71863589721332
21.160434260202
25.9373272622588
35.5594615899614
32.6522247766523
61.3031649137058
24.5287864959595
23.0862584110008
14.6793370903783
14.3884599109983
16.6111243836056
32.442747905695
17.3344803735754
14.2785506304561
31.2072736194029
24.9425265449766
21.3595963790536
8.19080908674457
40.4974777090796
17.3645311109843
44.6505792538222
42.380601486066
15.8558849284397
35.1143481986123
18.9521991635885
21.5848134507977
28.9286167747977
26.2927828545333
13.9071352179015
34.1317858505255
11.1811864910282
5.35551067598073
41.8651026488618
19.9527665773804
17.1446053573776
24.9241507145243
56.2547164680407
26.2969668155021
26.3181999656905
41.4873227396901
19.0561559972237
20.5377734258154
11.2048391504331
21.1777307040822
19.4841206604764
31.6511327085157
34.8661821840085
20.2762817340259
8.68976834157312
10.9056771884828
15.7328339217525
15.2154369863891
28.9235807888017
31.6562199595913
30.3640433965721
19.9681905879485
37.443109011439
18.870058004772
25.5628622204751
18.5314239162822
62.5024590621396
21.1052206350753
6.14230643377806
2.57595264258245
25.066974476418
38.2889888945479
36.6155790256854
13.0762711498423
21.0926550385645
23.5325335202704
25.2098953349482
46.6910209575643
38.527971521247
14.5925996904166
10.8517749672748
34.6932639131775
17.5943245320282
27.9776555176544
23.6168049738897
28.7223400560642
39.689043085298
24.1021946146693
49.6883597142212
4.27364863663226
45.5059916536376
21.7623352209297
7.44504485308804
3.43893460028574
19.2877825790436
12.6062741383695
9.63352888301167
45.472364107144
24.2553617670072
41.5402385819641
18.1868279722944
17.1979974358143
9.50859979592611
14.3370469189024
20.9203229567504
22.5271397592713
26.4780468103077
20.0435487421011
17.3458318208131
14.6864156499153
14.3082964631483
33.0563952422448
33.8781206294656
45.8457286393405
35.818976161484
40.8838614433756
22.5640882139592
13.2921823123212
42.9633006887651
27.3346929421323
20.7958359527481
42.8248466522721
12.6393668048044
31.8235519066089
5.62258312605117
16.9309921642754
22.5099713531505
35.0487070705263
32.877403659862
3.57182654427444
38.2697912517835
32.2115673738011
22.3303737919901
20.9297206407702
6.57163754083378
24.9183573718131
14.1073303696811
25.2127877988069
7.20673983678931
18.9053600020394
14.6123386376471
33.1666498637792
31.7350673320335
26.4865108308572
24.3450314369983
39.5735035657752
14.3555450636427
14.3318288285538
25.2315668628946
11.6081462372528
18.974716955906
43.8412256509136
8.61852090768321
35.5708995637597
16.1870213591005
41.2162941003321
9.42872002396805
21.2704229424298
8.02927003821421
8.36980554624281
19.6521448070969
33.1399294392603
23.9158826080432
43.3311015866151
13.0257993659363
58.0878235946535
24.2195306465125
34.5336006842862
35.6188200266485
26.6554560424745
26.4946425722679
46.253598280329
7.26498716265446
33.6275891611858
26.5893563100457
30.3163401258951
5.2139899921644
35.2910921409571
12.9744604194182
7.3412925170033
17.6181145374545
32.3601749504984
13.1557901843715
12.2165452945954
20.7497798812769
18.4588206129756
20.7621073546497
38.9997963287163
13.3115169408432
28.1040938904364
26.350619132676
48.6556742859126
17.8282850191544
26.9042487041654
26.1195173397198
32.786290834648
14.2022671364931
19.588212470535
26.8211990154014
13.5152061279645
11.892236142477
40.7177484879078
9.90878136040078
9.68405849601691
18.9517214238955
17.0543575884903
25.0135121640872
19.5713595108053
40.7105246496232
5.61666117653697
6.02344475112031
26.1506854246944
16.4755393885747
36.3569870791231
17.5341376856106
14.6308024306941
13.250736512651
22.2403397417539
18.5495622182668
19.6314006401009
13.2399427624053
35.3612774211652
2.87378195135053
34.9489668586181
23.0210891536939
39.0707883654979
18.7039551476868
26.0184021013442
3.50049463428962
26.8603108620589
32.2963955218378
9.19581687475026
33.2665606994247
10.3168196692357
26.8366297978557
20.3332329006592
34.1507706991235
17.17002508547
18.6323758074381
13.1875758598649
20.6888937355305
31.2861970351394
15.1511397135468
31.0616679141353
48.7868685850385
24.0572990442354
18.2026325248032
15.0478453934884
19.6452378255092
29.7197020471418
29.2583357275726
28.8064907984797
42.2685070940977
9.1910281788125
30.5205256061259
36.8994687887001
4.76678181008783
42.5282976284573
9.88251668854154
34.3596562650696
19.4091230362886
33.8602044446082
3.59259862875699
17.5930219254446
24.8831331308685
15.0793494050846
20.7855424834525
27.9798756398412
14.894008689201
41.3980256033565
26.1829593243235
13.7475404068883
24.6223366094492
39.7817267078302
44.6361358663424
19.3633625371598
25.7019916520932
0.884534327915323
18.3923089117022
12.4529776599949
6.44634422304448
12.042777113152
16.4363271546644
21.2557266118781
18.6918673071072
11.935556649828
23.5985960381683
20.7141192442423
18.6804939326441
17.7361779853125
19.1175397052916
16.5973953655006
41.9393349747353
46.5687022387536
18.1723480118838
11.9560762358744
24.361490746886
11.5215096768549
7.90591378833234
17.0846330201578
23.5268901726253
28.0028975014795
10.0115979386589
28.8357707986336
62.9414485976765
24.8769158229861
19.0095325505361
14.018461594428
15.693880797402
40.8855544383645
15.1355696635669
40.4122923016954
22.3115862749153
13.8667206661071
19.509998256482
23.6253166496597
14.5811106710518
8.29346973832942
25.8371558632005
29.055122517393
7.88610808286253
19.7160702961241
8.16434585529599
31.536398714396
70.4831818188916
4.51394193621686
10.8076561382253
10.1600724317018
15.1151158050959
18.9201873001845
24.7697978796758
26.1971615307172
13.4327335569972
21.4478918859969
9.40860081190665
27.6275653765966
4.12682022960762
16.3126302472063
21.8517704630804
24.4471910090817
28.6364067984843
29.3114496581144
24.6630817587906
24.4671223568558
22.5885554892949
18.0253944553417
50.6515755762815
31.3038577555568
19.8670281328328
16.1497179099085
11.6083222503157
21.8889190516473
7.67177623855141
27.8760335677157
2.76417114569431
23.3526079943719
23.8594145291024
10.2608492846785
28.9170255429743
35.8977173089727
24.1826937972975
11.4560752511741
11.2809700640649
12.549395738401
19.9062635702476
11.4255503869679
25.0644041203107
39.8889984439396
39.2574590143502
31.617809284547
50.1494849733115
11.9195049344226
25.4868067580914
12.7518364999547
21.9698715771201
33.8988133208109
13.0141554972985
40.4892083255851
11.8426897178669
18.411309976105
59.6463799073977
23.6527587918356
17.0014107689377
35.0687081466829
43.7035055564593
4.19567031505918
13.6752079769047
14.8141215770546
5.38185988669647
13.8812159025774
43.6983320795897
19.3401365430177
19.3232621706982
21.0722963200568
22.311958314113
41.0478786329939
24.4724582334214
21.2934326863794
13.0941014470686
22.7621756074611
12.7602871434609
9.11151015276338
29.7691549168821
30.8305780824089
6.80273922181961
25.5153354702546
31.9598996510301
18.9787838204541
26.3850312989645
40.356456410303
5.67787891980254
8.90076124063736
26.881699168474
35.5435959366074
21.3138295229164
26.805171434389
25.2353331022938
40.019106087668
37.0279193567276
13.6332048514303
21.9629658537301
41.7141499670258
24.6708918086384
21.1660106096724
4.11286962271135
15.7823040862408
62.068496644545
24.9455175695029
25.9629055769358
27.2028228111209
26.2884965345232
35.652338019901
35.9357810573272
1.91362741944953
15.785155589837
27.2145606714069
27.7052643152483
15.3381679405911
30.3640636218984
45.3649429116314
28.3259361812751
36.8936485943287
23.9220745708174
28.703284631439
15.2210240311945
29.9329262096003
13.8786486185143
25.5660305668245
36.3633093920981
23.7144425264031
13.3341384169673
16.1330194395288
66.0244807706387
14.9665403016238
5.44262236011454
22.7183509228321
17.7048526347063
13.7878283399697
45.8775134786612
24.695156127864
29.7525533200829
25.4012079622962
35.0360458120697
28.894572462447
16.0502117175834
18.0522367825395
9.51080091611462
19.8958246511161
29.9960759936024
47.2454928328349
8.4017011805412
14.5908856850311
17.2899507438247
53.6378983430943
7.2005035603158
25.1442537919671
22.6062012716277
30.7297494370879
19.6542248728575
6.45122297406603
39.7563025807626
41.4595579967284
13.2516027292588
55.4268899202299
30.4688370901856
17.4557086240737
11.1032687281273
15.8549407210574
55.5550746876855
21.2798489687596
14.9690272785484
10.974552755527
22.3626146768926
18.3958471759976
12.7144920180009
13.4168663453605
1.79761019079501
9.65316235040289
17.333379559019
33.7278440453327
15.7687200218274
29.760798365746
12.1088180047402
42.4246244586604
16.4226115714575
26.5226879002984
21.6820710615525
7.92332670122172
27.5741765326576
5.14057890652705
25.1546784311959
43.641142688049
7.46205611133133
15.9369336181598
6.47958250775322
13.0542978173933
9.96553432790089
20.4485715278829
26.1684602618294
10.7946027266968
20.8575275429112
27.2935573245733
8.34117183536137
37.7124121738439
23.3379885932298
17.0262701974929
28.4148912580686
11.8493191620084
33.6111863841469
20.2904516988431
24.2264228943
33.0025224261248
35.2361705264398
32.3547170099143
17.9855566360908
41.7739666362645
14.1733242399859
9.16285859744442
55.6535365290946
26.0352665133937
30.5178797595877
33.644621225997
20.9495978480337
18.7086125902453
34.2746502257735
50.8988212532364
28.6369832037756
8.57286102291439
20.6912009413558
35.5461803405281
14.0626213095683
24.3381509669897
21.4105749687799
26.7089036689322
17.7999661028861
23.5612530766094
3.01700906693365
14.5203430123988
35.1471546003059
16.827768086965
51.24217194673
31.6895368269009
22.7650253685006
17.4436849862914
38.3209610200398
14.0096513986347
52.4592074646472
37.8294500484608
24.382356364141
26.7545012675106
20.3115935646194
13.2266042324767
11.5995358752602
18.7042037311127
17.4677395153773
18.4966504354282
36.7517190420923
22.5341228194368
19.9251109244663
33.6494771956926
32.8579641492405
12.276843605327
41.9066373828262
25.1842550640284
7.78883643165555
48.1519049368219
3.90488179315764
43.3150046604326
58.6699197678029
16.9374079063954
16.636799383066
12.2973604001714
8.03843307761728
11.3604768596643
13.8895086429593
30.7106934814167
11.1481158846909
