# Fix print output for fix ec
81.653692828222 8011.6274502501 0
94.5621905674785 7981.69849387826 0
96.597457487454 7973.88335433352 0
83.874591035507 7942.21212709488 0
108.649762128227 7872.58623106967 0
118.552238418015 7842.2421867983 0
84.5085831587133 7833.99097668022 0
85.8653126244935 7815.59026665332 0
89.199122878796 7783.49364940504 0
86.8877676060732 7788.54376481198 0
97.5039216640075 7745.47860628836 0
91.4496981865434 7751.71224265246 0
90.6535167264922 7736.45462591418 0
85.8072929257852 7740.21364752406 0
98.5596711245426 7727.22492602011 0
91.9089501109807 7734.61816928296 0
95.2115053144317 7716.92961779727 0
89.0411318910317 7678.45740074631 0
76.6103466081642 7677.89250311453 0
63.1102307028456 7652.60876407304 0
75.9892948036974 7582.34129343616 0
83.4508132666891 7552.70415383279 0
77.1352210415515 7531.69149268866 0
84.8335924989657 7512.78015793454 0
84.4677650224409 7506.1355898276 0
69.7194831690146 7508.60317419485 0
64.797566392162 7472.28733990371 0
71.4510258124337 7483.55788764451 0
75.3292265337734 7497.61199558542 0
61.1718108183832 7481.77758402171 0
66.9527372246538 7481.6527123076 0
67.271128155837 7465.99930149705 0
68.4515906839224 7444.49533882157 0
79.7982667007362 7398.26140346527 0
49.3176042185874 7352.77300902888 0
72.1754527874114 7332.16049899826 0
79.564511137425 7337.48477790428 0
73.6460930281933 7305.37648585987 0
78.9065183303445 7298.81030155735 0
78.0488752058913 7298.08614230383 0
67.8412479381871 7277.26551486176 0
56.0856357015923 7245.65318221404 0
61.5829139696747 7239.58293255102 0
77.7697041524002 7225.15267223478 0
69.8492528134328 7209.39592918543 0
65.3860286835877 7179.76867539293 0
54.5473596236762 7175.44606272338 0
71.8378038865055 7135.25429764502 0
63.5787409252741 7127.6149070756 0
55.0719120196888 7089.67567266487 0
53.8164718615282 7020.11745904664 0
50.4373670925479 7002.38387374206 0
53.2106245000453 6993.21403545994 0
59.9990807759994 6996.81001833862 0
47.2171876161893 6967.93405028993 0
56.8507840095715 6934.3489008321 0
50.2024436085165 6913.32913498108 0
57.7624365047327 6867.92245732028 0
54.8021170112987 6861.05467633514 0
70.0958749249186 6845.11189318914 0
67.5271444995076 6839.08307118757 0
61.3009342364004 6811.69781950565 0
53.5717249167294 6812.03995193085 0
47.2048679135677 6832.07681519952 0
50.6774619045774 6818.04292082293 0
56.1445056390495 6817.78312965966 0
65.4956548495469 6872.31337497412 0
49.1504131007344 6812.58805020642 0
59.3250282410288 6825.09413239551 0
59.1387688305064 6837.03261400468 0
52.3103233227507 6820.89732878971 0
64.1055658653119 6810.67123306844 0
53.8994564828895 6789.99478985834 0
46.1539410323109 6772.1813504254 0
54.2216461211044 6786.25079029673 0
72.8154240257381 6760.22190202683 0
46.9517627964967 6744.57359291042 0
42.2628321178178 6725.29035792139 0
51.4914311751286 6725.39022706572 0
52.3174251197377 6713.75936295203 0
67.2697603375123 6683.60586357898 0
42.0054006854792 6655.39021039896 0
62.8893045853411 6629.5864006709 0
43.7364424340504 6598.0326474842 0
52.9752375440322 6616.52195028121 0
45.018001537941 6616.84383451681 0
47.9492194675721 6576.13098892432 0
48.0534525871194 6583.9386299458 0
63.7920947733653 6589.76076717328 0
41.8733432860253 6582.59606772519 0
45.4064783670326 6579.88500130081 0
60.6060882864219 6561.40921870469 0
52.1285972279311 6557.94107324073 0
48.4738138600683 6576.96301113828 0
51.9417049942349 6576.40287629182 0
53.8873772292848 6578.48852256732 0
47.5651452848067 6545.45320233099 0
44.6727305734653 6561.34554354012 0
48.3156780438398 6584.30186157269 0
60.1222672895973 6584.36239974775 0
53.7729040452492 6573.20663778342 0
53.4548574337486 6581.94954002714 0
43.5776320683852 6552.4143400478 0
57.8504283990886 6535.14168162845 0
54.2594461113921 6532.37565022028 0
61.9669012405403 6506.55916420933 0
48.3223196343379 6491.13455121493 0
59.5939800792478 6473.05339073267 0
59.1523767746594 6489.53742876215 0
39.6590038287064 6472.14458671334 0
55.8261995903326 6470.06812253379 0
46.2848488716934 6460.78192698993 0
39.8320896807078 6451.38640663012 0
47.1445815279912 6431.56092493064 0
51.9876187685667 6413.90022907345 0
42.7999557173369 6385.67280748393 0
44.589624405187 6339.21285882869 0
49.2121475551721 6320.01172863423 0
49.0994948332337 6344.27024810357 0
48.0900704678138 6336.61907858904 0
45.2424256630184 6315.55659023933 0
33.9052517842244 6302.29696110847 0
44.2739326739006 6296.31718810626 0
37.2167582885986 6280.19393925214 0
44.8991794821433 6259.03468392913 0
58.2885991025514 6256.7612402755 0
41.0901099422471 6240.53876088545 0
38.8417324405291 6204.91109313196 0
32.3280404399025 6225.09368029354 0
42.5783496880326 6218.45423561346 0
40.8840089983618 6233.44055150836 0
48.9965173353035 6209.10730771876 0
46.9772960926241 6186.07165436801 0
36.4756530196971 6150.61152079191 0
36.0389581916655 6119.72568965689 0
49.445830059206 6122.33878768495 0
45.0496906741092 6106.99822196051 0
33.0359561520126 6108.29018418665 0
37.5843488728437 6077.11429232007 0
28.2770348950271 6060.23192004711 0
46.8175924822883 6047.7118783514 0
33.4258501737611 6060.00124297192 0
33.1940784487449 6006.71763879693 0
45.980699543568 5999.99609296754 0
40.1786157915033 5989.52188498709 0
35.9386517744739 5975.86689561245 0
46.1324769925488 5982.42732552499 0
46.3719260896999 5943.36097714431 0
37.2259509304389 5941.70847068039 0
33.5406984068829 5982.73177640583 0
40.9784579905511 5962.1047139733 0
33.5098615317405 5979.69453307387 0
41.4268644890213 5956.7350803125 0
27.5441222096332 5942.97281142286 0
32.3632598922716 5936.75203133498 0
31.537399100774 5919.56226501672 0
37.8888219933392 5870.63761706362 0
41.8729871020409 5875.99446791006 0
39.5789109163065 5847.48633712302 0
42.1104783526419 5851.1552873454 0
40.2800955204144 5853.08177695634 0
19.939915075213 5831.96911016875 0
36.2165620086075 5815.3235169874 0
31.1536812638852 5822.36678936904 0
39.5887882409646 5827.51241733011 0
39.9281362080662 5800.41326215723 0
34.4296689292742 5821.46233565856 0
25.986955458002 5810.15534415862 0
32.6618563276467 5810.73921050826 0
33.7872894559477 5791.43564658074 0
30.1459764941312 5776.01897010832 0
20.3725697773149 5746.20745469895 0
20.4824694890699 5692.95943249629 0
24.7024723133532 5702.89865879825 0
32.938560115298 5683.13527683882 0
31.9448740461522 5668.85226831182 0
23.6450889947055 5651.239312125 0
34.683989983379 5639.27678613965 0
35.2756130178809 5622.8339099984 0
42.1863778815227 5598.59752633646 0
31.1573390075547 5573.62857702442 0
27.9133683221595 5577.21573942868 0
31.2900995165927 5539.0580395775 0
30.9266057206138 5515.35296401401 0
33.2537258469928 5537.2889898999 0
33.591370508598 5562.39771951267 0
29.9775428447971 5552.11095200311 0
25.5012883109948 5526.58584410692 0
34.0878584852524 5497.47348178808 0
31.6765122196337 5466.81057137319 0
32.2617062275008 5463.77998376636 0
36.4598741651198 5464.04893750156 0
32.7360054917503 5444.10276490118 0
22.3668761961445 5427.80862943728 0
31.1198335626559 5419.02713316897 0
34.4173747693261 5395.52376218208 0
34.4327807566786 5385.41126287225 0
33.2954925446107 5340.59027063591 0
24.6724648809615 5322.15078969331 0
31.2656957565563 5300.1342691684 0
31.0290541862954 5329.39432159234 0
30.3566643914757 5303.85563769024 0
27.3177748739968 5289.8534011937 0
22.1783602541344 5259.42678260317 0
25.4681165622705 5219.3284191897 0
22.5057695418767 5241.5236823676 0
16.475981758662 5250.40426510002 0
23.166735357966 5259.71397274665 0
23.1940619710723 5247.70065593217 0
35.3769532455519 5242.7625028588 0
26.5728407332423 5219.68622125118 0
25.4956813691587 5238.38038693076 0
28.9064580548074 5244.70885122145 0
20.7539811402697 5233.66946919365 0
30.1121938994454 5209.55967598264 0
32.1671674524541 5199.56076578593 0
26.9500614586027 5187.14533749046 0
25.6810202114813 5183.99663518131 0
17.1238080769072 5141.69880864339 0
18.8538848822573 5111.68094777717 0
30.702764106486 5097.52195930979 0
27.1050201592684 5105.46212296518 0
25.1414765250279 5125.69014713534 0
23.3406198007385 5112.48068760135 0
27.1885241915698 5096.98327818115 0
31.6445633451968 5099.56444686371 0
22.8056225886071 5095.28678195568 0
30.352405984633 5073.55017962524 0
24.7643504070848 5078.66458157861 0
22.5144852680962 5047.82073999815 0
20.7305991195766 5047.73404019657 0
20.6748412559638 5036.7033574383 0
27.4413570345082 5033.60102949592 0
18.7634643512579 5011.67590802748 0
21.1347928061727 5021.93649773528 0
25.0980287168972 5004.97001301908 0
25.3140861829072 4993.42177679858 0
12.7345708721203 4960.87805119835 0
18.3437735960873 4966.2135252562 0
20.3195063083718 4941.5013701533 0
27.4538291302374 4938.37200976443 0
21.725220796141 4929.30771662108 0
12.6259477546494 4903.33534149426 0
27.8029385956096 4870.88671553682 0
24.6177860933329 4881.62112594869 0
21.7608868552612 4893.85591644992 0
24.1272413292523 4866.00333052743 0
19.4849764361295 4837.1939804578 0
29.4892670680796 4843.33237239283 0
21.8879560115339 4826.94034845209 0
15.7050442261911 4805.67417261889 0
14.1528754959194 4782.10421503354 0
15.4247635731623 4750.50848071414 0
17.711748023197 4769.35261418285 0
20.3197802559601 4764.24518188787 0
17.5288126685661 4753.24745792428 0
16.1168561924328 4729.12045456583 0
22.5541294412025 4726.54865724882 0
19.2798187606006 4719.70149565897 0
29.0011322410989 4745.05529416421 0
28.0162897278071 4709.92021943547 0
24.9105666795481 4717.11718872565 0
15.3370237075185 4710.2366686878 0
18.7416554597155 4678.36266878559 0
14.7932773744613 4701.0120358351 0
22.4340310652432 4692.41171472193 0
19.0752570157852 4680.4851934143 0
13.9484455255327 4679.97743889513 0
13.4581449623804 4674.91561261689 0
19.7721861050616 4693.9084543661 0
20.4709994852996 4676.52947065167 0
20.2364115205189 4671.88990039181 0
18.422137207421 4665.6319656554 0
19.827903466474 4665.6388741115 0
20.4604839522429 4680.94269020838 0
24.5902778272191 4679.18876880738 0
21.4090757154527 4658.65394462828 0
20.1782138738977 4668.73288544173 0
16.4593852157587 4653.84802418125 0
31.6990924390277 4659.73969717129 0
22.879945315967 4636.77856134741 0
23.6703504030937 4628.58084915284 0
21.0460250205224 4647.16863272243 0
14.0958540289119 4623.18648322187 0
19.6315981710825 4648.97899362123 0
19.009700356186 4643.62563942411 0
19.1031515372885 4622.96505138321 0
31.7669754609083 4639.25918749752 0
21.1978889125126 4622.00165947161 0
17.545902477515 4619.26277290762 0
23.5530415246061 4628.31089005754 0
24.6067121577684 4603.74670153575 0
21.6002617643342 4561.56401071698 0
24.3203098321037 4558.99731746963 0
19.0900577623854 4537.12362018568 0
16.9021546880579 4532.14646446695 0
19.3351459496646 4520.72347323754 0
14.4290102319192 4498.11005910871 0
21.0020035660389 4507.78800498872 0
23.3710872082602 4505.514557797 0
28.0816713015307 4512.52461710432 0
17.7886440881285 4501.58181745389 0
30.2877379638596 4483.1815810243 0
23.6295902035603 4465.28914454189 0
15.5033381414022 4458.95858057819 0
8.75031334348327 4450.61808060651 0
21.9738913325702 4459.87897679462 0
34.5885862550349 4449.83041067492 0
22.5391493223369 4443.87235646191 0
22.9336574691866 4439.1352671596 0
17.4013360370038 4390.57739772602 0
15.2531000131028 4392.30404672844 0
19.5721212750684 4368.11237132876 0
16.6556283103063 4372.88932580033 0
20.2737824887033 4320.29112596132 0
29.3536049958334 4297.6743759035 0
17.2708681229989 4275.27324881205 0
22.1704636675969 4269.89483354652 0
19.8762683067305 4271.17560695762 0
15.8309512014432 4269.1161572303 0
12.7312608120104 4259.79553844909 0
26.3971142150995 4258.68129678171 0
23.6112367288563 4268.0604264417 0
19.54595810808 4253.31384039128 0
14.2357198842292 4227.55080602198 0
16.7553194946169 4228.07435184154 0
22.1948602436291 4226.35821694228 0
21.5665415217595 4208.91814675994 0
27.1964382502194 4199.92278035089 0
12.1069144620746 4199.26323745265 0
18.0195104774797 4207.24905085342 0
24.1575392363565 4235.48319384251 0
18.8656396564106 4200.28893230529 0
14.8587529441272 4206.6583532152 0
17.2399799233952 4219.48255055337 0
17.9090027743446 4210.09752203766 0
20.0863482321987 4202.36049064545 0
19.7913748564922 4195.43317499086 0
16.6757461731508 4178.01608768765 0
20.0904306228472 4187.07192361061 0
18.4394020189844 4182.67946763312 0
15.2900690238174 4204.75213936826 0
16.4675532001174 4207.7727642946 0
19.6891932239218 4177.57079742572 0
17.483767131589 4196.11319406292 0
16.2258715197439 4159.20726510089 0
11.1749238045985 4157.98382296233 0
17.0957954324341 4131.13618078867 0
19.5614645052077 4126.38513812476 0
18.4235155489163 4142.20599757125 0
14.2292007322597 4135.21878057952 0
18.2548725629856 4101.81820970277 0
15.804187719739 4101.9185448393 0
13.2438061316848 4088.2878428537 0
16.9819086435577 4082.35715807119 0
31.8907389043555 4064.20816364855 0
18.0184737151919 4071.89449015219 0
15.3788822314639 4057.80030825685 0
12.0319833405738 4047.40303288794 0
12.1533603683623 4014.60122433105 0
17.8676514560075 4016.85008581746 0
13.2331633965298 4025.29908699619 0
21.1879883119625 4021.81517461329 0
10.3163478330055 4005.31502031154 0
28.9841257092419 4016.81689612725 0
12.1517917419657 4022.24118523068 0
16.2957502057894 3997.22177358814 0
25.1678439359851 4022.02449812138 0
14.4130451179193 4008.4655910044 0
17.6804668017528 3987.3541303663 0
10.5803562468058 3979.87142086595 0
25.7729703657472 3967.70943719686 0
13.2377088292718 3959.96539047084 0
17.6043596159701 3952.14277246358 0
13.0131831838126 3929.82426670059 0
17.2696714040349 3935.02983215367 0
13.3980261016724 3959.04129885555 0
25.6954927817127 3967.4466059233 0
9.11076410187269 3941.14590859313 0
13.055084260914 3932.03656843751 0
11.7441804185556 3942.28434973541 0
24.8321587725043 3947.91781221568 0
9.34677710999742 3903.06508843111 0
12.0427731617365 3884.22004300665 0
12.29062896262 3917.90336906451 0
7.82891413578621 3888.102811344 0
17.0355670042849 3867.35711268046 0
17.6539371453247 3873.03938069316 0
11.2244258012861 3865.24870277249 0
16.1905928227063 3854.35768763798 0
15.5955655915388 3869.89059767383 0
13.1888337054597 3844.03323271718 0
24.1616727303919 3834.55909128193 0
20.3241084860167 3859.32565825877 0
13.3429304834314 3843.80994796445 0
22.5876133307149 3846.73785003653 0
13.8563301083433 3848.15531700313 0
13.2850012439402 3844.37349739455 0
12.8778541311789 3855.89706604837 0
15.4610187246361 3852.16984051245 0
14.1766962589137 3840.69327147492 0
17.2186934374555 3835.1879023944 0
13.7936415075999 3833.79681092439 0
16.2811064525232 3834.05406744628 0
12.963956575349 3832.47998442511 0
13.7686639033676 3819.74350763954 0
12.4177059373587 3806.26082151534 0
11.4026016218946 3797.03007634132 0
15.553432009193 3772.90103326173 0
14.8900231532735 3760.70747606231 0
15.7062246462661 3754.23386763821 0
18.1933448283866 3774.65535428016 0
16.8357079387596 3774.35820288504 0
13.710103477262 3758.21948086513 0
15.9311869213408 3776.83035836534 0
20.4078336546354 3743.8311003192 0
18.6205141487004 3740.92978240748 0
13.4472042171396 3737.4842187019 0
19.3257482958469 3736.5192634435 0
11.9525744060068 3745.85667797401 0
25.811682346956 3736.0936737587 0
17.129896064701 3699.5116672655 0
11.8510587665946 3657.26546781081 0
10.651530692315 3645.82089486412 0
19.4800951621246 3674.41770491396 0
9.40369833977598 3683.06709086074 0
10.7159154525881 3681.18854986789 0
20.3073187038701 3681.92406817314 0
14.0316065026137 3676.96801775214 0
12.4019521622201 3704.26578846152 0
18.3409803249473 3667.48208059123 0
12.2342426458186 3655.63423185755 0
7.67849072633748 3638.33888875371 0
12.7707929588721 3650.67449671902 0
8.51977573076076 3606.08250320036 0
10.3812653708547 3621.02038020998 0
17.1776433844783 3614.07058615731 0
20.2521607412774 3625.91981169046 0
8.3314786352482 3597.73724576014 0
13.1491544283466 3574.51327570269 0
12.8899808923577 3589.45317278558 0
11.7611002702076 3628.17329783746 0
25.1460835034127 3587.49700902734 0
11.1100218888579 3604.76495905054 0
7.71704564401955 3574.33092354912 0
11.5955992027221 3529.61478494442 0
13.1126841825165 3553.96233995022 0
10.0388939049399 3514.48947999774 0
12.3037294544808 3506.82600484129 0
15.3513525463764 3482.1483927798 0
10.110810428677 3489.34144952783 0
12.6448402284977 3498.60613561046 0
9.43130040947045 3507.5099990333 0
14.8140804946477 3520.38246306274 0
8.85614180024662 3478.76908536753 0
7.44651793292635 3478.99027154497 0
11.5094052922977 3451.79798178777 0
17.6700368579975 3439.02730406186 0
15.0762642425298 3416.98332724636 0
12.9059833943022 3403.22323870756 0
17.1805461413058 3413.31829314033 0
12.0814323957316 3383.04976679185 0
13.9250280974857 3359.42325977512 0
9.34595871209462 3371.38544715045 0
16.3914282571005 3345.75190546889 0
12.141002807117 3357.87671970929 0
12.0712973708431 3353.7150501798 0
5.80780209135448 3338.20347158826 0
12.8603565319032 3352.06506343407 0
6.70471666698987 3346.53492792711 0
8.38035363240556 3335.84260329594 0
10.6287786006846 3324.16790393646 0
10.6232436353273 3327.69311590897 0
10.160289668892 3327.3975423006 0
9.26926408563405 3322.72730977349 0
22.3683070176431 3310.33673098887 0
14.0102274793322 3328.87590371256 0
9.85012209690879 3340.41066215577 0
18.4746139012518 3330.17340274046 0
13.9300674851354 3355.74209743835 0
10.8156755802232 3300.885344055 0
6.68861364342212 3319.81364811199 0
18.0620776536104 3309.27559397441 0
8.87799723728107 3306.32609186742 0
5.15449516838854 3281.83508384183 0
15.4987719048039 3280.68949899051 0
6.03007816169946 3310.24821523999 0
21.3883273342992 3326.79752945525 0
11.8013679527866 3309.19443246072 0
15.9032356070699 3302.67229998897 0
4.214223088074 3292.78142413938 0
11.3329719572697 3267.41104435985 0
11.8764773115194 3232.29810301208 0
8.88124405855426 3258.25081515501 0
10.216242786315 3253.66473083188 0
17.7387121840777 3209.69449000632 0
22.8705324624662 3167.19559778228 0
17.750071318502 3164.59477479766 0
10.6141140046929 3130.8588535313 0
3.84396828168662 3163.82510950834 0
11.5479935901725 3166.76902516999 0
17.8631991471408 3172.95436798729 0
12.0423080505212 3150.26262350424 0
8.10821852125742 3135.953008084 0
13.5225630618752 3099.02968989035 0
8.07271668204707 3108.14771158735 0
12.0431353675171 3112.26803991809 0
10.7615906999465 3115.88239293591 0
12.2707360975387 3058.66353401263 0
13.0688066773152 3060.08211442731 0
11.7777282067423 3043.0602742222 0
7.79369250629604 3006.59089584586 0
9.5965826944221 3021.49270017256 0
7.39056927783072 3015.16888216176 0
15.459644439897 3005.64479870715 0
11.3639578964809 3023.17049917967 0
13.5518505055026 3041.39943205771 0
26.7420799082136 2993.30637336407 0
7.47641015015345 2987.18011400867 0
7.88624013692613 3015.36548120946 0
16.8125817449845 3033.993234458 0
14.1908704408851 3007.95480728851 0
8.02201783056517 2997.65012864497 0
19.8215560853734 2977.06918847914 0
6.79999001595744 2984.79020234291 0
7.1867946421189 2986.11942971196 0
12.0203567662173 2972.66245904237 0
17.5318543304734 2990.90657320471 0
6.69287703539021 2975.76695535289 0
5.21787765882003 2987.40102764541 0
8.16126534121237 2961.99537426515 0
17.8527366663043 2970.96857682222 0
17.4952803927565 2981.7884817787 0
8.18273589313316 2986.9226924986 0
17.4238292344687 2966.6182125362 0
7.98388844613006 2978.17506780686 0
7.4304077596514 2957.60622973602 0
8.68664518370215 2928.81451860429 0
11.3430646468285 2956.21021831637 0
7.73716456548123 2929.19157560516 0
8.80275012091501 2939.5190487816 0
14.2796142619296 2920.95931167851 0
14.8034611509078 2943.49913128792 0
11.4480570213861 2955.2035993231 0
10.0794388738813 2931.11456711154 0
11.0662498735419 2948.90683623842 0
12.1232401138681 2948.5588522372 0
13.270202983876 2924.19943777044 0
11.0476770948017 2919.70843245136 0
10.0092896692179 2920.99650295235 0
19.6198681388576 2900.16660437709 0
15.5464643018794 2891.24873066139 0
7.62955462860258 2870.9104582045 0
9.53721485706189 2878.40496241687 0
10.0001978039558 2869.43296631676 0
6.91601583643042 2835.42281092781 0
4.88711236538467 2845.41365960489 0
5.43612535370811 2849.58551288204 0
16.8458102831554 2823.88184977698 0
8.72024607883734 2809.10441123884 0
12.9400604541327 2797.84873066447 0
6.31183678470443 2785.46430017844 0
15.1772961087444 2809.27010585912 0
11.2348904606576 2803.46556644707 0
5.04067537305776 2786.32333349963 0
11.3252256500385 2814.75838103719 0
13.1487094269495 2830.88614615764 0
9.72252039646812 2819.86967484108 0
7.93840293552735 2808.2367438765 0
9.82971330351823 2798.21377315982 0
5.39757048729963 2778.59661807772 0
8.69680180011959 2788.70328149677 0
13.2249249369833 2777.82708617534 0
9.07842362989695 2772.01474649329 0
7.34180520068189 2739.10976704918 0
13.8923453710691 2739.00479480772 0
12.8300454445314 2705.62322898825 0
9.18970436129117 2684.74002223505 0
7.84398722081395 2704.96132864788 0
8.00110580300404 2741.66226301976 0
9.38611917033797 2707.98701820338 0
9.44773550882254 2689.33210050521 0
5.51064941739753 2698.93011088908 0
8.05108414228761 2676.05570552766 0
2.9661908381274 2698.26719826331 0
6.58731034817382 2658.1211471043 0
20.6662634357085 2655.8019645086 0
8.03573295235959 2623.754017769 0
15.4583523348789 2660.34245371559 0
8.46611609366749 2635.209721075 0
5.77893674599994 2631.32812860094 0
5.44123868589741 2652.44784829075 0
13.1233933558837 2658.97357147406 0
10.716785542649 2635.27527491997 0
20.5527161319194 2632.67659087648 0
13.2200312698033 2612.38400901381 0
10.0761305363704 2609.67028332321 0
12.9674999190731 2613.22364030411 0
21.5261776261699 2622.48754577012 0
9.08051069760519 2623.51405945894 0
10.7099729486305 2619.55193804289 0
5.76053668037444 2601.55021438904 0
12.9229009374249 2617.49872273436 0
9.63320858456061 2597.95863329057 0
9.09737554166215 2606.80175771406 0
7.75548671045774 2581.9062480942 0
10.8908145909308 2610.43105830628 0
15.0351804311662 2621.01305861342 0
14.7408808400453 2582.12475556448 0
14.6638684974879 2630.17587084849 0
15.0569048532195 2638.11154998635 0
9.94281643413801 2601.28273659795 0
4.65903258424302 2589.02268207503 0
6.67535770696427 2580.4781505931 0
12.2831399525582 2576.62485160661 0
19.5120664623552 2577.2941123545 0
16.8274823275881 2546.38801242502 0
10.8379259610155 2539.13033341058 0
11.9855359317137 2550.0532199108 0
4.72290601859596 2546.65768531986 0
12.8608392725738 2545.79706336251 0
12.503424782502 2500.81373024869 0
6.07414281644323 2513.94679832193 0
7.22587938231415 2522.16145960261 0
17.3054441230549 2488.59997572611 0
12.9244673214327 2528.06944113537 0
5.80724891557781 2514.53058268807 0
5.93136849277959 2493.44696609374 0
5.98777673565345 2496.16913865247 0
7.61908139581399 2515.03024938266 0
4.61917826481203 2494.30311602997 0
12.3258983128056 2477.49507625939 0
7.02926189857725 2496.05614795125 0
5.96166698738331 2482.81535595875 0
7.73306822640219 2476.76263086835 0
9.94507418125078 2466.00310190307 0
10.1787091772514 2507.95846511796 0
5.34263422464599 2481.59938519193 0
9.46608321299192 2476.39916637367 0
7.59553715438552 2465.88781635744 0
5.59797695035942 2460.20432291953 0
5.96873671562039 2446.26346796459 0
5.3414678218229 2453.28540516311 0
4.61520871996355 2463.76073431684 0
3.81368109163869 2435.8720840107 0
9.54884304221142 2477.85267258516 0
4.89834529911279 2467.5715207301 0
9.91019324036536 2452.77240532177 0
4.93986531087555 2444.19951154997 0
8.25588334683295 2445.76204596941 0
9.45734090381122 2459.40900700418 0
7.55628565211249 2452.40956535632 0
9.02389334874266 2485.60188238595 0
12.3029783807316 2429.39664782916 0
17.0397619356136 2484.8271265112 0
3.29567702437236 2479.07559705322 0
1.53745326424024 2450.7143191728 0
4.20553942931311 2447.41142796947 0
10.1673046394562 2454.54600992234 0
14.6039769404864 2455.08901457976 0
6.68759130560468 2442.11912117377 0
5.02270314712924 2440.85259188501 0
6.56402374795913 2416.06444966148 0
9.68916768339052 2410.69801868737 0
9.06099912397254 2426.96078034226 0
5.79713097581324 2402.65915206595 0
10.9247086102568 2365.32503730716 0
11.8436215551265 2395.44928377731 0
3.8163619365962 2387.01640242775 0
5.15149262761241 2382.26270750788 0
8.81143437901692 2369.53969073199 0
11.2250955166526 2390.45491262296 0
7.27937351168537 2363.54319524189 0
7.97164866267078 2360.08262435967 0
8.1454576027461 2344.11516104708 0
7.73510657167225 2321.43003166805 0
4.13699288297788 2357.80714672145 0
15.1587985285146 2347.0895573051 0
8.10582408207652 2345.89043382087 0
6.98547374377685 2366.94455080061 0
6.63232808227876 2354.87526247094 0
6.4161671369053 2363.43668708422 0
15.8589165152163 2335.17697772529 0
5.57243634140967 2322.33830085256 0
7.66691949106612 2314.08701732857 0
6.35116173513803 2310.78265228938 0
13.0223720494835 2334.45222257416 0
11.3786513507475 2317.78417503889 0
4.06028268104721 2281.81832540452 0
5.05100095022696 2252.31513163274 0
14.581539617109 2263.82345855469 0
4.20594043340948 2278.37805133713 0
8.33413617749972 2268.09858026973 0
7.19202541485559 2260.1960356897 0
7.97205627381424 2245.40252753362 0
6.13124685598682 2241.30168537754 0
4.29818704761603 2281.19772655878 0
2.91089119211376 2273.06290530496 0
4.52551116989143 2287.57553127908 0
10.8957617353733 2246.10771488187 0
6.19622287146633 2260.29332096477 0
5.81822006262677 2262.07163753007 0
7.80224106485439 2219.97569787694 0
6.41571622345002 2198.14790819011 0
10.617219125719 2204.46904922167 0
7.1928806484966 2184.34587696561 0
10.8189836852121 2180.88398788018 0
13.5790051821264 2172.43301307707 0
9.04117133398993 2175.63540409749 0
10.4081811372588 2139.4017973993 0
7.26635221563009 2146.93546270185 0
3.92003189287998 2129.44553483919 0
6.13806854458905 2173.872977272 0
6.74692541221423 2138.98686865354 0
10.7825037141525 2133.06763838324 0
8.94936026448573 2163.18519835756 0
4.64318509386957 2137.29767084829 0
3.85704081623805 2156.44399077008 0
2.89287446215412 2134.67682510865 0
14.4164215495391 2136.2936093326 0
13.3477118297696 2104.57465317781 0
8.81508120156915 2094.42495260808 0
6.25389594726334 2094.37218621731 0
12.1123809202098 2090.7684399943 0
4.78781826899677 2086.67137214752 0
15.3446726060421 2120.01984782921 0
8.89248036011054 2097.82923005635 0
15.3480173329543 2114.39709813108 0
7.30905801433007 2129.13113687748 0
6.86952243332602 2110.8118100833 0
11.0013750582248 2114.64633950894 0
8.97533545809153 2117.85038421185 0
10.8771575357451 2105.88799703675 0
8.51129817157544 2108.76929907404 0
5.85841863095504 2132.46638952151 0
3.56773397087014 2126.93864601679 0
8.85303717160187 2122.04558021688 0
2.06237614131642 2103.0627758561 0
4.76148036543302 2106.35319187175 0
10.2924936653468 2059.84051881189 0
10.9927275297618 2069.95615497385 0
4.84312599717636 2097.54483185105 0
21.1809940491321 2053.98099877468 0
0.915804499124136 2046.5782801286 0
13.4945150277734 2039.56663530124 0
5.45518619884478 2075.6161540886 0
4.93919522532932 2077.50611222422 0
13.7035218410999 2055.93264480528 0
6.94523341378858 2061.68762190551 0
11.0036396521004 2051.58164563859 0
8.24582671164857 2021.89494595055 0
3.47652103813894 2051.12761766153 0
4.54871470866294 2071.02660328025 0
10.1995251268483 2065.18788247373 0
8.34955770318228 2056.22543560133 0
10.1243325689036 2064.76296053059 0
4.93364975716397 2058.93767364329 0
6.34971316087779 2077.71892791199 0
5.79101578740388 2047.36298917632 0
6.45438493236826 2036.56234644088 0
7.83697359637213 2013.37260968135 0
7.57013834166149 2036.99770385712 0
8.73596370660667 2026.71014398429 0
9.67182587380632 2024.27631823527 0
5.71638708061266 2018.76040175777 0
1.2779493457688 2037.60720310334 0
6.26660266131527 2022.17174731826 0
12.5476795297347 2037.36838413605 0
4.10257067898089 2001.42195233271 0
4.75679348021926 2060.87556962966 0
9.6595884579123 2032.42871984848 0
12.2452576137249 2036.24696139674 0
6.23063096234946 2037.51358407543 0
24.2065384929841 2004.30497331693 0
5.88916750779653 1982.66682193981 0
8.4225464272314 1996.52653031058 0
11.4519698384736 1972.21887978521 0
6.60423103213939 1959.30045178479 0
6.40997977615479 1922.50844344471 0
11.1676021316928 1927.68425157527 0
2.57398391463168 1905.31823653791 0
3.66451015348397 1950.39393029277 0
3.06998146267145 1921.59925554795 0
4.52032150170892 1916.23541067433 0
11.9485167646335 1927.56063301669 0
8.92513905984365 1922.85474751157 0
5.85360234732736 1910.63173274959 0
8.8002181498455 1906.7280395764 0
5.03649607699749 1916.56609949123 0
5.01069855382049 1937.95377698979 0
8.66906039432625 1950.02553867189 0
9.43400494598201 1937.20737427683 0
4.7740285057941 1922.11097280705 0
7.34757286018176 1901.91722924857 0
2.77387347599846 1893.87756456605 0
6.03357692004653 1892.67470819715 0
9.75641449736407 1897.629177786 0
3.61192689955491 1903.68303861241 0
10.005536059282 1904.74815580834 0
3.29893828246112 1898.54541215139 0
4.54480405275837 1892.67569045377 0
7.27338483116872 1900.48476394935 0
7.64205848175732 1886.9293520445 0
2.99706992802045 1862.2895817873 0
9.23944907942627 1908.53575526787 0
8.38534676013415 1899.63005006761 0
5.76537595822827 1910.49548171785 0
8.14360749069553 1894.16488213501 0
7.75889865638318 1907.21697487079 0
9.83693160838435 1907.57361598406 0
9.58908752506993 1882.24923690221 0
10.6774353940541 1917.46181855902 0
3.7559296289893 1907.52321071983 0
10.107678917322 1882.20023799887 0
4.48378420914525 1895.68638549627 0
6.08417491809462 1902.33072883039 0
2.42929218997401 1913.3884676483 0
9.78288618309762 1891.59945399719 0
21.5292612949889 1895.7832668661 0
7.41341782657248 1906.44767509812 0
3.90986373482113 1879.1740343945 0
9.69488105893937 1873.39850731419 0
11.8479236312045 1880.56738554235 0
4.44390276179479 1872.3678804852 0
7.01849161554268 1868.35542680376 0
7.71989153280185 1885.34333226044 0
15.5693686682872 1905.84600279173 0
9.18167155003293 1878.27729667422 0
13.0169861531635 1871.93398685009 0
5.82772060717669 1878.62006469624 0
5.92313829071213 1870.63680321081 0
1.54099550098877 1875.15409047687 0
2.19043848181863 1885.01628783102 0
6.98788206680389 1911.67895492042 0
5.01455903976984 1867.46351378282 0
14.5543485899672 1903.94447431331 0
9.27514527630367 1893.90439678963 0
3.38561218032497 1899.37339795311 0
5.87831589156292 1912.46430513265 0
12.2849976118839 1860.47586644212 0
4.81959672422916 1866.1573065991 0
9.0649606284484 1850.91400122705 0
3.72117116306198 1855.0115715433 0
11.2613533028418 1850.58125329588 0
3.92010554809775 1851.00149785544 0
5.60456145216244 1858.05255600927 0
7.82470331064453 1808.92898772433 0
0.664935356165393 1818.94689276107 0
9.10104958104216 1823.89362643506 0
4.52206273969796 1823.5211569496 0
5.33868484343083 1861.49413538381 0
8.46655158096402 1856.87600463653 0
6.64319515157295 1822.24097602591 0
5.53551266949306 1787.23400569402 0
5.77823355991893 1782.51758467252 0
4.14798010188848 1756.94788211596 0
7.60939338725657 1748.73361660828 0
6.35381564043983 1736.51840132367 0
5.38668042058188 1756.67775619647 0
6.29576478416948 1791.50750644162 0
4.46788900473898 1766.46422806294 0
4.22806158307804 1760.67152624446 0
8.80015978789305 1769.34955627846 0
8.88651393060601 1781.59569090502 0
6.9988210340981 1776.72967337124 0
2.01034275879436 1772.88142017097 0
6.67991506109055 1720.38934534723 0
7.89256524935415 1727.86656649865 0
2.04734125282471 1706.94178662955 0
13.1406779582921 1702.18039879025 0
7.58322369938108 1687.16755990508 0
11.1962407854407 1674.42135743616 0
3.31433924561114 1674.01406895777 0
3.03335836724733 1672.23204717374 0
0.730316703703163 1694.94759994083 0
1.99895959546524 1659.09213144598 0
12.7908078593193 1691.68662351504 0
4.17897594801274 1691.37274859788 0
12.7161383849315 1683.09502470031 0
3.29620822181356 1670.35741646351 0
6.54501348925021 1663.90515486564 0
6.14275361647902 1703.74474956112 0
3.42793301637255 1677.47246113841 0
6.73822231477186 1672.90229472269 0
12.431022731954 1691.1952134208 0
4.65606771547103 1684.57008275928 0
8.85774048677432 1701.88595068538 0
7.82744532632124 1699.90875250415 0
8.06469078402544 1698.17535417945 0
5.52767432567796 1692.28595806753 0
6.98675257065892 1686.58219543318 0
0.979205866585081 1682.59271115251 0
3.88468792131961 1664.8744289961 0
6.38751497964977 1687.05673345333 0
4.08722634197129 1670.72375188729 0
2.03299858565331 1695.94292908104 0
4.96120653898378 1673.75330935214 0
5.90972531677244 1690.50152897157 0
5.87563035554622 1648.55205495655 0
10.7537845708627 1653.60907571559 0
2.73570631635204 1681.75098368405 0
3.69375694925001 1664.55797975703 0
2.54871526883087 1655.38256602981 0
11.0435972207743 1699.3343995981 0
6.57368756557307 1711.27656773073 0
5.09889216014124 1676.68341165053 0
9.0738397310502 1651.91551655606 0
6.29083058992677 1681.86758523837 0
1.37265223226859 1690.90779445971 0
2.52490420314505 1680.47236132489 0
5.46014023652676 1660.403108187 0
4.08418962121261 1676.78521810527 0
6.98937907381827 1670.34789806942 0
6.19559050282731 1663.42466062302 0
1.58912078018259 1662.30910645749 0
1.88104957351511 1664.8974982575 0
4.31225940117154 1673.52512442154 0
7.20532729660806 1683.64180600135 0
3.12019609330223 1641.2048316071 0
6.19453066956043 1617.60026076602 0
3.92608124536928 1614.28121856872 0
7.07247807916751 1602.36251884918 0
6.64540727570875 1623.77187520771 0
0.882745549385338 1606.17767839128 0
6.81615587277067 1629.97725225481 0
1.57434001041944 1610.52297047343 0
5.83004088236176 1628.12246342423 0
2.50134940095517 1615.87903370271 0
4.79619138548449 1618.68071932121 0
8.703344857121 1607.70768874947 0
7.33113899837316 1632.88081190355 0
3.60699095838797 1627.78960857504 0
3.8438739019244 1615.40556486848 0
3.57763048979514 1621.65026235558 0
3.82030274287114 1626.28674960523 0
7.73601536251869 1601.18968915026 0
7.53811691715115 1627.59167422372 0
5.02089166916645 1634.92414970771 0
6.91835239438709 1646.18212425565 0
9.83989008164362 1611.02450254539 0
8.29359329681842 1641.98580214087 0
10.9050798478299 1616.87575862705 0
3.72336986731063 1612.00362959232 0
7.33936605219682 1616.14435737935 0
5.23678085142034 1630.41795609037 0
4.11070823436211 1631.62661437895 0
6.1267239782204 1607.08152520725 0
3.61839819068594 1627.72983508912 0
2.90577303012555 1640.1036819189 0
3.43938343786426 1611.00398349783 0
4.56553349361775 1619.02908924233 0
4.62529352657709 1607.19291231444 0
7.21310223001519 1620.55275261318 0
1.99511028502501 1623.9338790174 0
4.85378818157831 1634.15724509444 0
11.8679254504221 1629.77413682298 0
4.05941885705797 1634.56169049894 0
5.68791550520908 1624.60578178426 0
12.0400238333038 1622.43722773351 0
6.4597705137311 1621.43102263285 0
2.60585924419154 1590.42742087675 0
2.35012506533294 1591.46376000569 0
1.39752558541568 1559.78911617631 0
1.25237259017718 1548.88959852305 0
1.07160294557858 1518.57263507048 0
0.862829337072274 1500.0108850696 0
5.01752520422109 1484.83134292462 0
6.98086768009819 1465.79078945817 0
2.28504900503415 1452.85256940644 0
2.65252314560959 1462.73887616214 0
3.17264022980781 1479.42549472399 0
2.61200620375857 1473.27744910378 0
1.72592785304578 1437.05936019704 0
5.41721591886645 1428.47073482559 0
3.60744804634674 1440.25038357833 0
5.55533862323901 1453.94500176953 0
1.39021028854331 1457.42298594651 0
0.378401104313915 1477.51134712198 0
0.761467822419643 1446.29600797761 0
4.66328717282267 1441.68049547309 0
2.28389366107443 1436.93854387061 0
3.87927272693607 1464.91660672988 0
4.87422904475949 1438.76657620737 0
5.03897242681326 1408.09858673458 0
7.58872265384965 1420.16926182341 0
1.82788482223002 1407.62309465996 0
2.5717835116594 1409.00289913532 0
1.35096464290172 1423.10725400329 0
3.75881668078984 1416.51447882089 0
5.17030680776777 1393.71707188765 0
5.35267817417153 1375.85081007554 0
2.3721825236445 1394.75816634855 0
6.46409231074578 1376.28206839863 0
3.90854213416816 1396.305885511 0
2.61562578522796 1401.75684332708 0
6.85819474469033 1397.81132809046 0
7.46918779982872 1411.33716808167 0
14.8576021458642 1377.07320157765 0
3.42968890661477 1345.95356216925 0
15.9332156390114 1316.87416677632 0
8.21254978851475 1306.89295178007 0
2.13401086342244 1320.48427352751 0
3.76413394380908 1331.30922548164 0
8.40636730010158 1366.92301688662 0
3.60070698864128 1327.73938567263 0
7.09109242376843 1343.46511423253 0
2.96237010835849 1335.52638010048 0
8.07210240588492 1304.50710458097 0
3.79437623292208 1352.88741427378 0
1.42259873584382 1356.46749917303 0
2.47942388253376 1314.01167058003 0
4.45241138469498 1329.89754227706 0
5.79131500244841 1329.51101428569 0
5.44599717162355 1322.3928259577 0
5.84341754117675 1327.33828461101 0
3.2820022701222 1324.68172033899 0
3.41506781866584 1315.41695756059 0
4.65112844159212 1315.83315968666 0
4.23659269982378 1288.25678958201 0
2.95333229611643 1285.08145795389 0
7.55871354419099 1281.24135271974 0
0.441816361038859 1319.02902083502 0
4.99801780429942 1299.89648397646 0
3.83817047645013 1318.45799125792 0
3.6520097008492 1311.15570275217 0
1.58997956514025 1287.49469348862 0
2.27288172552444 1298.09414913566 0
6.30880556658519 1314.87330578401 0
4.95827026281313 1292.02620628933 0
4.00795071488543 1291.63292201189 0
6.54455803686316 1283.32392088322 0
2.1855877356243 1307.42143089133 0
2.3823780898563 1284.97437144031 0
5.56552997969233 1301.19388051225 0
6.39004529098941 1316.82006384257 0
0.965030975830659 1282.25773603786 0
4.91195792635539 1320.5109607125 0
