# Fix print output for fix p3
1.75329254566083
1.11653351179142
1.85864987411868
1.48825976626586
2.01726968348674
1.80732282981277
1.55975998854453
1.72088923364407
1.79690473099219
1.80794065990981
1.73916191345195
1.57471488161663
1.59588839384669
1.69940992024567
2.28010302523928
1.41186963562734
1.75059132198892
1.13238701535489
1.79897925870843
1.27267331595848
1.14685305224668
1.81364545829925
1.03252393641535
1.16817604170293
1.1837821389277
1.32380263284105
0.999178924801185
1.22507111944948
1.44619442534592
1.14305093499904
1.54432726149937
1.18332814759563
1.5134517373783
1.6271954692408
1.19869147914522
1.35888846393912
1.88434557224305
1.419498765145
1.60781486370712
1.43138578030856
1.48233006012942
1.06204707355021
1.19526547497544
0.650324941860249
1.02237945431447
1.45184242667244
1.40303402214565
1.31633900440737
0.982479542979926
1.11506002557789
0.968884682542168
0.7532630751266
0.651180105943585
1.08205669949974
1.21373578047419
0.943199011790874
0.995837461030083
0.696933130607626
1.07163544188353
0.850523817919148
1.07342208260609
0.854732118341994
1.3368556835716
0.783944379859068
1.15652949304767
0.984927399022167
0.741840582201946
0.805652015740175
1.34991168618492
1.06693030532616
0.99802321235934
1.13772956819167
1.04687170762758
0.941248661640274
0.974313361789138
1.02844583521001
0.974231991080427
1.02090934042574
1.07015474593414
1.62500974704401
0.848024047575776
0.771279498224642
0.801542174927705
0.818360498211021
1.04977268933883
1.03957721330685
1.16391281351418
0.555641601243961
1.10543914022767
1.17207602825467
0.793852723433342
0.798008202392692
1.1436453432191
0.791298681447373
0.68966711253539
1.47202597147656
1.46717948067937
0.80950860289816
1.00630579470352
1.10263235004885
1.1693749949259
1.13766822918905
0.936308839987347
0.918487629701115
0.750809347819776
0.903804673649737
1.24937008391545
1.11310430210778
0.842029644293046
0.549074297730486
1.21557968705595
1.31598232790768
1.1596161118265
0.941914522599763
1.38602064337777
0.801059404776586
0.995751866734937
1.05978412756859
1.14672790907766
1.04616918975061
0.92550294638759
0.547564914636578
0.835266947380596
0.638741470312183
1.17532816156313
0.737281534958669
0.730511274835277
1.07944122871427
0.289257711019632
1.17335772056674
0.76343511926111
0.812326466269822
0.330376672006083
0.552305310079077
0.83038800496634
0.873113893521461
1.25730245687883
0.527107841033014
0.289331912403788
0.427173970865302
0.64891456196889
0.541127538079129
0.380608660508737
0.789650638458268
0.844692221963158
0.560136033693445
0.442096361139829
0.919895452964182
0.949141379860845
0.440799104463413
0.336708115984259
0.673113077070943
0.742378429225007
0.206089358401044
0.348687717771026
0.772462204654109
0.490608221648519
0.77156172072215
0.465315871476201
0.831809531410244
0.935907615453279
0.118093150479977
0.529912780917103
0.859365221894015
0.585622253967218
0.387144946256875
0.709460320247343
0.397789786850366
0.899681334556393
0.278305115335598
0.356608117785114
0.587181928002112
0.770587899688973
0.825360117914806
0.54137592447063
0.51132920847864
0.385142231117417
0.702419006362924
0.541140864197537
0.905062073295606
0.491895622849125
0.139332891269533
0.817691036096239
0.857879213104271
0.814993863597513
0.479028789515904
0.678009308567125
0.686377638372384
0.329245521102618
0.319542259393879
0.646307503668481
0.623548629089521
0.270187263403927
0.691512502141897
0.311316267797449
0.479237559424613
0.117456674691238
0.822526684225653
0.295515621208915
0.165636486648519
0.653099166556385
0.549345275916502
0.185093178732107
0.485823176353097
0.519147230707514
0.211466943063517
0.573252720961499
0.200105083716531
0.236295207219637
0.451466821604596
0.838037687977301
0.598480890006597
0.447602272558569
0.484947232391828
0.394019210648332
0.623590331128839
0.688888445029107
0.227911377975843
0.391336765134025
0.186830802274138
0.217113392236413
0.803372983777563
0.190424901757193
0.265424086969759
0.273418740813091
0.388769874985898
0.356149955464659
0.371084770863256
0.548773424783598
0.978821356180687
0.475908721975948
0.570423237820357
0.380026637199465
0.194055622795515
0.115279306711694
0.296983478523968
0.716965140693054
0.819696676663087
0.377159194285882
0.419133103140648
0.0897399883626857
0.490857161177038
0.2007845842531
0.340550587493286
0.596067523529959
0.601716535807049
0.454994661912252
0.533763016147986
0.370664775191651
0.281853165564639
0.324422480571084
0.164577632485946
0.328109612803545
0.128734649835758
0.248357616853473
0.615522352041422
0.0654001715295052
0.516376815985619
0.615127093476108
0.0705891975250209
0.169960291500153
0.137426318628996
0.333774390773919
0.0802556852877832
0.461474588934502
0.453370303832219
0.406700644970119
0.444431747226702
0.428928806600136
0.763408340707282
0.194318046543648
0.176327599049837
0.476538858239968
0.189188801338343
0.599015848709673
-0.143642990657268
0.546571540373598
0.288732364038417
0.534370789197623
0.626318101034456
0.440646059966017
0.237411615474072
0.481757105160129
0.358673436112009
0.194463807387703
0.830012582016121
0.706594443677062
0.430565469482607
0.252352476871177
0.209765044300023
0.351611233683642
0.685877711945734
0.246042341747355
0.515459514396353
0.0946259427374051
0.659518008901395
0.324843758221608
0.405477908642655
0.352468726197842
0.377655430461884
0.26877774386337
0.229137938114295
0.651769115559083
0.453587598135128
0.313541768334147
0.21694720060284
0.265875381404412
0.458566783292787
0.33530235077737
0.154676004107386
0.35391988921385
0.0934427346227086
0.141289333745536
0.496057070626078
0.0550389784106619
0.354418011153837
0.471281546895279
0.0930923317800277
0.170149297165356
0.348806547648877
0.381057938687741
0.485755237382715
0.308059618514666
0.151649326631094
0.0909068404192546
0.366667549198391
0.1582554977009
0.154005178937337
0.539754413519744
0.0842055908569794
0.617886522758511
0.0624583519766736
0.510515060840209
0.290853265747071
0.673398428268586
0.123531019737545
0.317868327517572
0.43768576074316
0.347530569628037
0.481824149856035
0.413533679748141
0.430620841292689
0.746870738433886
0.0962539395576789
0.127556747137187
0.407174969405974
0.118606773482866
0.3569000526358
0.137869162709902
0.266343536497737
0.356079691744657
0.23828081860186
-0.171045152211488
0.192954065018135
0.180885627718395
0.276206803065111
0.318814842914434
-0.373300479330401
0.250188114682557
0.53062496137218
0.279399097849662
0.295608460740147
0.274501812446697
0.222687996600959
0.438690795855422
0.0914680550069862
0.229955793554715
0.397851332258668
-0.0821184586326912
0.214512363915991
0.061397241081877
0.29326023993503
0.42448561706846
0.174481961906498
0.280922955522666
0.29567359324953
0.409388645185589
0.165839640338063
0.256217544333856
0.429051231427135
0.106556224068594
0.387629271156497
0.491665539062808
0.32356125778348
0.0760341538851084
0.150925420741451
0.307442947558257
0.21865161397305
0.499275822073679
0.447217292823551
0.678924557374474
0.260114954128083
0.346752431598416
0.444330868371834
0.149868977349414
0.335773649659894
0.27723434558014
0.0495795359038871
-0.250313111115077
0.413349396161508
-0.0741846087609477
0.391782256552646
0.157167098246473
0.172053638761784
0.326278041542954
0.0617482966846066
0.162574641775545
0.438065258669957
0.502916826742722
0.20535237891107
0.0917209536943334
-0.139808347861559
0.184220757473831
0.211879959797304
0.119781076671384
0.45946152191567
0.423729412027575
0.267600381695383
0.501008206854731
0.207025241178274
0.160966638943891
0.446610855482916
0.138364156301085
0.113864912810632
0.161383569642272
0.57932737210967
0.167219781522787
0.230820278065172
0.0132970557882319
0.00739463402046867
0.0182266429834355
0.419102199928438
0.219156379246975
0.240406824577166
0.0247906097218497
0.148117684859881
0.0246043730820064
0.0159775896266382
-0.13784583539366
0.527981415355436
0.779016073126984
0.111494436350323
0.539351812098813
0.0674528250807188
0.237087654671618
0.173567568486415
-0.146289836056913
0.0488102155296283
0.16762704065984
0.219558280331486
0.0903656174734536
0.475240337674757
0.151812504018044
0.251544438605635
0.206248910449121
0.0836373229813655
0.098090744083646
0.186174548751244
0.37241391991911
0.214986322389631
0.248392948747643
0.115860071050877
-0.0329071965087791
0.34722948238762
0.0367840332465851
0.236694776840243
0.287995843592029
0.272725297610839
0.259016080550708
-0.174626492172066
0.0397257172511434
0.106986494789053
0.228502113409993
0.288974435081138
0.0218577537238299
0.119920045721688
0.112789472296395
0.11259755182712
0.198951205903954
-0.325690090273834
0.151109959044626
0.196740647414512
0.132586647201117
0.31950812750738
-0.00462188923691636
0.479642450785511
0.34046471664156
0.277901445063987
0.189965504927727
0.239202299535503
0.160848583957451
-0.0458352934617076
0.129435189295855
-0.0845002066073727
-0.034690774059861
0.410897301102954
0.262288681892446
0.241180917519374
0.157493127764846
-0.118539240497109
0.116037870437566
-0.0431238917457546
0.0784775215069948
-0.09102074030234
0.138398976392584
0.163457411976134
-0.0259862005767061
0.264691783354308
0.165446954168143
0.160711240909204
0.109420704684372
0.0980328322595683
0.0850677394230518
0.276372633806886
0.147108942431377
0.210789061134494
-0.113429615891383
0.331981437901856
0.246840534027833
0.140084515036791
0.159731403887211
0.378779922534925
-0.0846565133080128
-0.167324185177334
0.217512687121884
0.126421971370053
0.173121297958175
0.0464692889987623
0.308977492390387
0.11851346580061
-0.0393643542683238
0.371868782141406
0.284503733187308
0.220155172996702
0.359515431890053
0.149895814001237
0.514904163067536
0.221150596443355
-0.00550030141223212
0.272762887988918
0.0619811818877603
0.31512733198305
0.363802848466367
-0.106540284595845
-0.00623551790173842
-0.0255834806350406
0.0604225067203257
0.179895954703567
-0.0909886412231465
0.222473268778702
0.00216785071258272
0.240733976631094
0.372059773608832
-0.0219617699221578
0.142318545660946
0.133740795973568
0.351997292509262
0.365871483675599
0.548983039927147
0.0261517092331541
0.234862067328424
0.0131583638466835
0.133458638839533
0.112899010199816
-0.0428562273445519
0.220331143853019
0.0702610390231185
-0.255577322552831
0.129214939042853
0.000276710214048631
0.206254329897866
0.03458438608356
0.224336615184493
0.138203727908168
0.231361106718568
-0.117119322748437
0.0813859028174335
0.125382032652605
-0.170205956924386
0.0810161599915867
0.00578699383640635
0.297647711297686
-0.0371285040753274
0.175214258775888
-0.103266727212113
0.345362214873305
0.250938611575846
0.347174053798364
0.436456966755613
0.0782033016652239
0.228892254518928
0.00944615754251395
-0.00311588853696933
0.205077735451035
0.372984351194429
-0.0864366834244139
0.300703312771834
0.300715243288217
0.28402302695364
0.0741934938065342
0.00471524767362247
-0.0271208183105704
0.261170567541997
0.468139111444311
0.197502200084772
0.32075829157366
-0.0915499659771778
0.494747157344706
0.180111709217906
0.404712349732701
0.610905007815591
0.4440738122472
-0.187486360949216
-0.125683761727034
0.48715643492915
0.138495523838728
0.140245196076241
0.22848528038328
0.114285043374403
0.164786540089912
-0.0979216514068793
0.332939764983106
-0.0145072776628497
-0.0753315269505754
0.0597625869692446
0.262137110580718
-0.0560720513592153
-0.0625302155475442
-0.139218599967687
-0.166336660914801
-0.0421812393550123
-0.00370511588229399
0.287636319944404
0.0950311867648715
0.4715326897097
0.0908475731958456
-0.177063440690279
-0.0339476969710302
0.0252854963811998
0.488274755161875
0.187071434387135
0.0791949637460294
-0.184929745788434
0.177984862198601
0.0852461072481935
0.146258449723322
0.100287028947937
-0.102747761620036
-0.127457819861762
0.167089532280681
-0.02064051584389
-0.133348082110868
0.00114223810972009
0.13922033075659
-0.195753273272263
0.193889897544677
-0.245115526734197
0.170213014025841
-0.09697082331242
0.340116518406618
0.111083387343384
-0.0289620903276881
-0.0714417392516212
0.352378246120474
0.410835869224313
0.174691242080237
0.141908940650279
0.209483370287412
0.25524118151398
0.10957000924423
0.430048188854059
0.310127136739121
0.188851777742036
0.238954477772219
0.118046369118407
0.160153471368526
-0.0180449227046186
0.511753546457447
0.0513083098318996
0.207717421538393
0.353756150102506
-0.230842779220803
0.177334217301903
0.0891141490625271
-0.13384323451628
-0.103961715508459
0.185326323822971
0.0933183704263223
0.104329022281633
0.273369674582056
-0.157117647240955
0.115685965324503
-0.0552849513462216
0.0892997690897037
0.343603117742854
0.271212803212099
-0.0088891839591814
-0.322935890325257
0.342174524642342
0.312266568034654
-0.104324095162541
0.00310526363402363
0.148706200262645
0.0578230597876203
0.0555044468428445
0.111994288022381
-0.00867585113572743
0.0491505264077306
0.110686192404068
-0.078535011521898
0.0670517830165415
0.124958267757931
0.0648959920674233
-0.090543968876978
-0.00743302055072759
0.156265413509936
0.0493159909421929
0.0468482448721124
-0.0287273525136757
0.0423754733613602
0.216254074538332
0.214671155223447
-0.0761856258399463
0.240708230448885
-0.00629429143501348
0.499888080127211
0.0657885467888361
0.0942105895285721
-0.230878986988575
-0.136130621495484
0.117217678293974
0.0800024270756038
-0.0112944775519562
0.153974605817945
0.447496025198192
0.176072354423146
0.107095591118927
-0.0784099048538097
-0.156842552218459
0.258080085239421
0.157170347893123
0.122913247528947
0.0952897326918368
0.216161879361142
0.121806834657361
0.234473364590076
-0.0197189598021642
0.362826136749471
0.151877597695096
0.196815098761244
0.114168578759109
0.202507839743824
-0.151633149335118
0.458547419639257
0.502789916669286
-0.0297739913554654
0.0982766544121789
-0.0424827317026013
-0.0733382005975759
0.0853887685627908
0.0783094650266622
0.281918223385857
0.0639441900900367
0.477407135812834
0.19683050971244
-0.0483797784679639
0.263245562787315
0.0972186199467613
0.0451798318564494
-0.0237295306892205
0.289923872487817
0.183805911652649
-0.149202633234956
0.183460680988222
0.337377694770196
0.137380430329789
-0.0890701572571011
-0.265521895813849
0.292106122140727
0.0978721601109549
0.140624222203146
-0.0355938105885076
0.0479000645255139
0.300011769323578
-0.0245785456325883
0.266045607565223
0.0701980479738337
0.0442093015140982
0.128416299522589
0.22576390590985
0.0459003777248644
-0.0943820152711333
0.302894490309773
0.0831774172767871
0.00029143916122538
-0.0546785748146088
-0.097659060019244
0.202578004178364
0.0498874834511671
-0.0564481819612288
0.122764818690058
-0.0239029084822539
-0.0709157322762872
0.120841714667555
-0.104247688766432
0.0785884276665634
-0.267974987151051
0.276469514947909
-0.143868733892932
0.0498043784562654
-0.019331888377596
-0.0361100202736013
0.183796091324534
0.100278485177752
-0.0279692017234577
0.233134933789021
0.107374447797393
0.0861257920022709
0.237703212980291
0.132474094041049
-0.172033400735586
0.045729895728822
0.195858514812091
-0.0415791273730447
0.0299877700597972
-0.162275324781295
-0.160897912174092
0.00584488351739828
0.369497086054879
0.0345895759037754
0.122009650707125
0.0153904278953841
0.00286035297657164
-0.163583427865032
-0.046027581690613
0.0716180279051338
0.146172263504712
-0.00724323051285001
-0.274142707721282
0.321880804421436
0.0843722599520181
0.156557584876731
0.256094477326046
0.0448145818875009
0.176365125874832
0.443180757169285
0.364199944837469
0.150813282576903
0.1064535481621
-0.0341981133065526
0.10817406431127
0.184754085704979
0.130739796549187
0.123568757303769
0.210365869989921
0.155893268548625
0.045361952452196
-0.0885507368220507
0.157638149390224
-0.0991247374471761
-0.0803434372821811
-0.250019720290498
-0.00601325530870206
0.0360648276957412
0.114736544046713
-0.127526525425448
0.516603991288671
0.400970479985962
0.21105271231347
-0.0140451734946389
0.171081741356633
0.0737257204240002
0.0865977436531721
0.00291887924845944
0.115021555601794
0.0382234824857452
0.223765556059669
0.113393623094751
-0.00743966923399614
0.15865146607031
0.173785861755295
0.22195950462907
0.227750861938834
0.0431100766411933
0.125283223689946
-0.166830699321579
-0.00534337566149681
0.170225158928818
0.0986950932442794
-0.200419321175258
0.00125897617926851
-0.0487820930355771
-0.324101613016777
0.026634585170868
0.0963632438836734
-0.171481515692161
-0.0447358395709367
0.329494938709172
0.153569505033625
0.212288871018833
-0.16089121365694
0.0425861219657208
0.0140017560123782
0.385700677392715
-0.0568191171234852
0.0569645185555548
0.0828721430788928
0.0703680398286694
0.104141628343488
-0.186918221785346
-0.188002856737028
0.113783571216422
-0.114362406643779
-0.282534896821883
0.111102450576194
-0.158754024063257
0.238658753806565
-0.0904896432234138
-0.0564937572935013
0.106207288207965
0.117134766878683
-0.12622912283954
0.369278522615965
0.0506808117261847
-0.124154761150415
0.0239184752657935
0.172912001415994
0.325081772435466
0.050003840872913
0.108742777011659
0.00863394028984029
0.0295749795286112
0.134430558674079
-0.171451750011379
-0.194543118340795
0.183733990479914
0.244585890878314
0.101276658058892
0.0270618186995375
0.165515576732651
0.0725851015359911
0.23888662422389
0.293100725488617
-0.024719378081004
0.29003106167822
0.0549080477994707
0.0654795167152291
0.267986276366469
0.112446752491043
-0.104350605616265
0.376905945542368
-0.0799146562311766
0.0690222545218757
-0.0555822814023142
0.0646279616747046
0.0434183514719012
0.406954319734772
0.140276686356162
-0.020651996124382
-0.105044682721373
-0.222856907099636
-0.121314642305803
-0.17207361067848
0.136446832491955
0.128120962163378
-0.103948571485776
0.0968480715339412
0.156287024042127
0.113308346588289
0.178161845291465
-0.13680336931515
-0.0780837760679784
0.43849905473329
0.114374697660184
0.0108487294660433
0.116911911328423
-0.075846417399629
-0.293896779027743
-0.116820256456168
-0.0203337728471627
-0.0693526638631366
-0.164331070542935
-0.00581529884499532
0.163756143726228
-0.196465082806943
0.134673378514025
-0.0900062774826568
-0.112611214248668
0.095404937475656
0.043468295925111
0.149622148465062
0.0550452876317191
0.163370485478045
0.0408104882658329
-0.214626625820647
-0.112409069447629
0.0203268006170683
0.0329361107174329
0.00253705480300131
0.101333721867984
0.129590546493315
0.0323670989926063
0.00235632025030129
0.0484338388530218
-0.00668142608299831
0.258530040107019
0.0181652710322268
0.192316505461125
0.321547156628448
-0.0628837689406485
0.233223239659204
-0.018776089999366
0.105300479580553
0.0604286885652979
0.0545548225614419
-0.0593093852090316
-0.066551209805237
-0.0208299614245173
-0.157586944471337
0.0990694845751172
-0.0391323643989903
0.0568701837163409
0.162640525753859
-0.235462088523176
0.0197620869222578
-0.153929906226882
0.149168437731721
0.0426194983076728
0.101402413181348
0.051630959721633
-0.0901155972904739
-0.286913916446359
-0.130937201899857
-0.0914754949850815
-0.125520510758397
-0.0524904942804434
0.147921582702885
