# Fix print output for fix cm2
0.096990814969797
0.313863037794243
0.443150557102876
0.372654590401288
0.437703771836469
0.582363371116925
0.596854467356466
0.653137535979372
0.75039973357651
0.815210792391819
0.888286758545238
0.904547289355301
0.924321259459281
1.03120734435276
1.01347546206127
0.90891273428414
0.985399221335717
1.10363271558482
1.10047143057129
1.12585568791101
1.1806214096978
1.32484959346002
1.4065858256514
1.43219626614544
1.42760169408336
1.47612940993126
1.55672151100931
1.55388308576116
1.54693570786791
1.62495464332212
1.62348988279259
1.67382018250484
1.74741185630185
1.83402456667377
1.95482778477401
2.08913588069894
2.18112585257466
2.22773758331528
2.24683570098905
2.26959450563298
2.3766576129384
2.39877411051839
2.43861407089419
2.51510184376485
2.58584717858201
2.62005316406001
2.68688023623517
2.76992507220079
2.84556947386182
2.96706108238621
2.99898056220409
3.07099755163918
3.20900561859241
3.33227390928019
3.38165021607944
3.42822352853571
3.52682801352552
3.64349940478302
3.71726304527886
3.77814829098091
3.84095426909025
3.88183308613567
3.93370003009474
3.95497253462583
3.97345230886712
4.00622002573092
4.01829352726505
4.04612434441187
4.0628958863559
3.98939543212944
3.95611102435998
4.00189042673158
4.05373231833191
4.09739856910066
4.05772458633034
4.02755089987547
4.10130521806543
4.11306687877593
4.09494393431877
4.14948742543543
4.24130691083859
4.18724444566779
4.18622329223759
4.25412996327911
4.32689654219957
4.29851987520009
4.2858045972176
4.27785531295811
4.29731837478052
4.31985254419759
4.3274820351449
4.35737307025241
4.31953514070602
4.24111590782691
4.20178295311498
4.2750700136748
4.2864972323163
4.2605152769888
4.24853116556518
4.28165208267794
4.28038514019142
4.23937855110781
4.24784556628127
4.25889351602049
4.30707719422479
4.39624829599975
4.38906134585494
4.35168599535672
4.35514382374184
4.3862126369868
4.39039405959621
4.36719909649379
4.37545989782727
4.3888839107273
4.40700095771213
4.48691015276613
4.54526700133349
4.49782303076228
4.50459013417958
4.55810461860664
4.59146486529518
4.61639724226126
4.6684934976767
4.72780433690473
4.79282146711454
4.78661734588995
4.71924450471332
4.71343450417104
4.77777532653344
4.85129057872173
4.88466123387876
4.89518316517385
4.9261409372524
4.97354122271677
5.00149687148434
5.03543422025435
5.06113774195357
5.0751713660817
5.1480635242659
5.24423318393717
5.34441488665768
5.46342283940876
5.56296707977559
5.58509003956907
5.60967788309664
5.74079673996367
5.85002509301658
5.88456440624866
5.91604035074525
5.92883676788447
6.03242561079516
6.09670723431983
6.16034957983233
6.2036062486317
6.24888946412468
6.30026453200277
6.40401034630003
6.47578003175924
6.51178088555212
6.64175310582822
6.76089727876746
6.78515993668028
6.77664103856576
6.79415918406088
6.88016211870304
6.95835698238422
7.02369646990792
7.00750403452566
6.97689960830787
7.02979034621129
7.13001769333732
7.2765883976512
7.3757529098974
7.44529090338793
7.52692405565117
7.63359015929416
7.75359699779024
7.82089590088022
7.88430750210932
7.97375763634583
8.0865722491643
8.18180880951819
8.24204479995476
8.26929242656739
8.32802995554187
8.44240122464551
8.59073148594982
8.66028286190304
8.65014172559008
8.6631330490832
8.73960052113889
8.81203922929955
8.94508207150525
9.01020240257031
9.09008233454378
9.17856312961111
9.24544602268973
9.30966548627002
9.37148855648929
9.43177347027578
9.51742314958309
9.62537897958196
9.73138894060658
9.79326567442707
9.8238257654805
9.89158967038686
9.94414481059376
9.97343385081363
9.9495811851509
9.94000209172822
10.0040992267861
10.0223138095583
10.0704259004272
10.0839514614866
10.1211092749626
10.1621234168015
10.2016231288394
10.2913527805636
10.3932759117986
10.5010448168492
10.5471289163194
10.5437881620278
10.5627957909811
10.5782652796368
10.6371443672845
10.6964155087516
10.7364035169645
10.795392207472
10.8224898642762
10.9197700871213
10.9790528518896
11.0428685173457
11.0781952135237
11.0888119947414
11.1324887369783
11.1969643425059
11.3157523557015
11.4263784016276
11.5268976612087
11.5580641736674
11.5315297187983
11.5278801157144
11.6420378363424
11.7774864852478
11.8733457743888
11.9770052860297
12.104804533993
12.1779921552614
12.1734059294111
12.1665110565886
12.2221272189532
12.2955989839892
12.4163564313237
12.5565823821215
12.6791263021645
12.7575115541647
12.8289461630996
12.8546239559641
12.8555269376322
12.8547781040065
12.8766366909243
12.9253731633622
12.9569626143695
13.0228481541966
13.1357181872551
13.1995594165902
13.2284271404479
13.2719239174082
13.3538630004784
13.4543962906031
13.5140229880797
13.6174612847098
13.6720339025121
13.7101506490635
13.7783972899206
13.8416013934452
13.9031377071278
13.9677066749469
14.0910186546182
14.2163691339551
14.3174657717478
14.3931927224199
14.474514156665
14.538223460782
14.5660391962241
14.5894363389578
14.6803229608159
14.788435617415
14.8676705842185
14.9161653913661
14.9765895848313
15.0231492062906
15.0800774274048
15.1599039858822
15.2761743585782
15.3492940109779
15.4400066647182
15.5048866149598
15.539562428599
15.5525240809133
15.5063496690209
15.4861073015034
15.5512894590881
15.6673915519643
15.8063596529853
15.8824156257269
15.8910900082798
15.9149213643807
15.9077351766184
15.8810554814147
15.9405743108427
16.0439424020647
16.1637160875932
16.2894297919678
16.3834391988351
16.4687515222964
16.5064623185388
16.4932283949433
16.474736593151
16.4683037777592
16.5275881379507
16.6144483079413
16.7121963267436
16.7962898728843
16.8529161184285
16.9017705009023
16.9364777994573
16.9943791798879
17.0408604679594
17.1200781348789
17.1597909498296
17.1713591428458
17.1538750143586
17.1625880514346
17.2044174999948
17.2598662903664
17.3280531117521
17.3827407995417
17.3910981160258
17.4110926369706
17.4302544654041
17.4492527992775
17.4484893295672
17.4897934233824
17.5397947651249
17.5988480201562
17.6329501719537
17.66750384697
17.7210178708475
17.7994257881019
17.8760800539617
17.9070262270819
17.9481895302445
18.0106207563394
18.0774236065762
18.1171867180732
18.162382150051
18.211639776752
18.2382197471175
18.2779464893855
18.2781054516913
18.3034465067128
18.3489825283644
18.4227518056083
18.4573254109925
18.4555640925965
18.4911283045001
18.4818583615726
18.4983350966356
18.4604283394409
18.4629040515725
18.5117158688843
18.558307613307
18.6051367205789
18.5808901243723
18.4775105995551
18.4152000243368
18.4102214199928
18.4033493859057
18.4119848369489
18.4235024857848
18.4395102382479
18.4271455033383
18.4135160347622
18.386780977917
18.3617942318309
18.4007973724537
18.4939524921201
18.5732310936415
18.6232060394501
18.6145187049301
18.5843658457487
18.5413451266838
18.4964646878478
18.4895704272163
18.491984851457
18.4858968162497
18.5143798236897
18.5191884536438
18.4964023529285
18.4608344041417
18.4409991709745
18.4166485081128
18.4401950209055
18.4437554269891
18.4689226422446
18.5219613468314
18.5510604296268
18.5690031273811
18.6139401499721
18.6404318414999
18.6162574200362
18.5725306337153
18.5022580795555
18.4592050628611
18.4611969169789
18.4539075092241
18.4723826637538
18.4806460860455
18.4776705568434
18.4864440872467
18.4918893778298
18.487325184925
18.4647592679818
18.4323933997528
18.3926306551121
18.4049179660923
18.3414305635067
18.3403231261471
18.33125927235
18.3174476210679
18.3550974378861
18.3651818734918
18.360620579452
18.3354301538
18.28956672013
18.2591885467872
18.2495043927675
18.2988874184083
18.3322862244198
18.3315973815269
18.3582048141996
18.4073155466294
18.4515832321637
18.4438400531814
18.4321675132936
18.4182821972055
18.4057971194288
18.3944560657197
18.420535726933
18.4390620734611
18.4472169626947
18.4175436239846
18.407116485408
18.4138075819049
18.437404924852
18.4823956777641
18.4722283990935
18.4909105102952
18.5448742166245
18.5881361041685
18.6372388738724
18.6244687586538
18.6235901178836
18.6549971434975
18.6644805773396
18.7391696641687
18.7872139091797
18.853235448151
18.9014872298449
18.9427871352058
19.0063305276632
19.0292513749851
19.0731113883563
19.1297115282552
19.1120722489966
19.1077515707089
19.1229279869103
19.1167040093148
19.1411387285297
19.1649380577537
19.1914707741725
19.239745311603
19.2696444535736
19.3379242106766
19.3429304081496
19.3354547303651
19.3434278480456
19.3567636075658
19.4156607759229
19.4878790389523
19.5498464889089
19.5821213342998
19.6055288993023
19.6587702593135
19.7242649294557
19.8153129700753
19.9060321495732
20.0021608014593
20.0762785094235
20.1126208893751
20.1571891673016
20.2004707570439
20.2238829791112
20.2762512659123
20.34022919432
20.405795308014
20.462383754587
20.5326924610343
20.5982645544085
20.6662299810526
20.7413733431791
20.8049707922779
20.8066722153548
20.7398069432799
20.7047336467111
20.6520732010747
20.6628646687326
20.7259946764821
20.8203904257951
20.9059548933397
20.9972948616075
21.061860448092
21.1019737732915
21.0926417891866
21.1015184396016
21.1340148491209
21.1775770635228
21.2225575713797
21.2165551697268
21.1762552978127
21.1713415680835
21.2338886338557
21.3038774976398
21.3505361294805
21.3647731031535
21.3661423225249
21.3612498946409
21.3730220198528
21.3988997815494
21.4300128733999
21.4803718380343
21.5073827705341
21.5254970446841
21.5153920098973
21.4920812632512
21.475881249346
21.5232721493171
21.5916251171811
21.7184394322455
21.821241788723
21.8541144930131
21.860347315987
21.8532349734205
21.8368034661562
21.8707417611899
21.8834295251673
21.8994857579095
21.9113002323886
21.9196142355255
21.9442030654004
21.9783647399095
22.0009609793996
21.9860909504512
21.9277640162621
21.8517414893708
21.8333917557182
21.8029341936212
21.773714202796
21.7824484611983
21.8330302281658
21.8806161230112
21.9192926492064
21.9439071190039
21.9737190369503
21.9960996660869
22.0085000918784
22.0118753293756
22.0249954240848
22.0168560948559
22.0751888721508
22.1542479407435
22.2605322053103
22.346555692173
22.4002353110444
22.4383329860813
22.4664208278385
22.4125490502335
22.3188212064464
22.257716041015
22.2266493935754
22.2940541085798
22.3416033312386
22.4358436157444
22.5405535939401
22.5832347601656
22.5969822381946
22.6188606741192
22.6614946316735
22.7023773758409
22.6770631755237
22.6313594579725
22.603986180198
22.5554456808918
22.5903267906444
22.6893843553318
22.8105424222485
22.9195688117793
23.0062952986231
23.0005284998344
22.9729412320917
22.9686315501698
22.9692770203816
22.9910712274467
23.0494166428523
23.1116688552374
23.1658835197912
23.2150956388716
23.2875327492864
23.3537002790322
23.4280630767126
23.4465936748304
23.4809314334902
23.5073241653031
23.5445484637726
23.556275583677
23.5900032781323
23.6700345318201
23.7250261553365
23.7935638856019
23.8742803561225
23.9432691279691
23.9554357483401
23.9820898015915
23.9913866557644
24.0052540149979
24.0257030676343
24.0028535368152
24.0223955585756
24.0671437207365
24.1430941727679
24.2184886814786
24.2505409168932
24.2384892126239
24.2474554725721
24.2366857681812
24.2517247878573
24.2558695953301
24.237463412443
24.227435431069
24.2610678102643
24.3173931039308
24.3604342823341
24.4012906896139
24.3848098036491
24.3325085755558
24.3071664815971
24.3017892023374
24.3150902821687
24.351530623118
24.3921922261166
24.4226002608732
24.4464722290936
24.4819518613379
24.5097222945856
24.5962764821526
24.6635470732752
24.655775859378
24.6101015176595
24.5896848172626
24.5832760324064
24.5835279387791
24.5976137600848
24.6290064484185
24.7045691923207
24.7654709470858
24.7692220245525
24.7710527238781
24.731664076135
24.6658798461088
24.6071334069235
24.5718910511611
24.561347483709
24.5837255443531
24.6346750111425
24.6635340352093
24.6898298137605
24.7556720374905
24.8362749946604
24.9141375026781
24.9644215337912
24.9770461952823
25.0090738214621
25.0169113662844
25.0121762308922
25.0050344176877
24.9679057787593
24.9243030698817
24.881965101803
24.9047676199185
24.9760232070797
25.0984367734931
25.2189250113656
25.3148137838231
25.4137151773614
25.5055199131153
25.5750098540149
25.6001329243393
25.6382628561136
25.6709064289406
25.6967159378496
25.7189347364692
25.7397234267552
25.7929604236446
25.8713065261701
25.9421498447339
26.0137694947714
26.0660517695251
26.1311880530367
26.1988854444425
26.2267820287802
26.2600090160526
26.3056009180668
26.3863848401241
26.4715901176829
26.5022250412545
26.517803934742
26.4937434240088
26.4467268002364
26.3935666924308
26.3584586929926
26.3706718828345
26.4564419710884
26.5786939072709
26.6957984841467
26.7695271589761
26.8096582521837
26.8474224369531
26.8678243758791
26.8451499980328
26.80058251887
26.7306325019624
26.7245632221013
26.7269021753305
26.713292169962
26.745247865649
26.7823477358599
26.8345875169568
26.8629799362846
26.8538588784948
26.8691388224212
26.8932041961642
26.8789875681653
26.8930762114396
26.886216325072
26.8797979390396
26.8825562797901
26.925417293633
26.9747901864984
27.0551426931373
27.1463451464398
27.1867076437354
27.2260554945676
27.2444716989529
27.232312460162
27.1867596062235
27.1354842537715
27.1194144925874
27.1384467193066
27.1261102558391
27.1510027234904
27.180185203607
27.2489141991513
27.3515113441236
27.4091910592334
27.4628214768782
27.5327761953823
27.5819459291772
27.640263742117
27.6847882795557
27.7512478877167
27.8103103075708
27.8782922498326
27.8965908511205
27.9021986027286
27.9307847613018
27.9574411903425
27.9728378658685
27.9983827931545
28.0370791949696
28.0915098149824
28.1455617325893
28.193798810643
28.2017522329883
28.2053348897804
28.2271724343193
28.271447337002
28.3238371063617
28.3994751598356
28.4348616093179
28.4459975538792
28.4514304052319
28.4625132837429
28.453949103344
28.4092418897721
28.3850417077318
28.3544003951207
28.3627325419555
28.3909718168293
28.4332166780577
28.4886419244992
28.5221341924482
28.5444820582098
28.5746512918375
28.5695882243367
28.5407183387892
28.5149927186682
28.4872614875552
28.5060102820111
28.5510085569526
28.5917662791322
28.6270660325515
28.6402024947549
28.6394367763958
28.6435991237459
28.6491144094449
28.6696444576987
28.6976569863431
28.6612179141244
28.6039706916554
28.5557381661344
28.527195208218
28.4868303255056
28.4539604829412
28.4514343989266
28.4730474662704
28.4781941247857
28.4909057437924
28.5390247146884
28.5676636780283
28.5464942202623
28.520196608922
28.5101531267476
28.5233740420039
28.5699916261902
28.6014980869127
28.6246332530174
28.6179045795026
28.6280689908975
28.6409383264933
28.6109240742208
28.5625080223552
28.5595023203747
28.6132566714646
28.6543628422378
28.6612728504474
28.6575645237345
28.6610343628818
28.6513610095942
28.701316119319
28.7290090399335
28.7615815843835
28.7799749726202
28.7669829254977
28.7317065361651
28.6650207231208
28.6260444985771
28.5908471908807
28.565952120081
28.5352662512866
28.4996896248126
28.5350045018672
28.5569003246503
28.5908620162591
28.6123381208201
28.6589804941585
28.6624157097862
28.6667717244891
28.6448984213856
28.6127261457643
28.5663125756332
28.5087685393302
28.4671262634707
28.3869657375668
28.3325445670328
28.3007853671058
28.2751016618959
28.3048491628059
28.3192285946789
28.3235765591074
28.2986162354146
28.2611997232871
28.2330786861356
28.2051968289001
28.1736030509584
28.1523750744272
28.1423065568575
28.1275397374954
28.0975253887182
28.0367974763037
27.9703197553332
27.9224930679453
27.8666281960882
27.8036419289436
27.7350750124415
27.6654457098464
27.6070121199804
27.5680368687014
27.5387799124512
27.5077328508782
27.4763980904715
27.4516344558024
27.4257692978088
27.3818887540176
27.3362149066676
27.302658824587
27.2647582176253
27.249260610988
27.2088288786427
27.1654501091559
27.1729263988823
27.1645922021353
27.1575947576256
27.1686127952877
27.1585603463043
27.1449561201963
27.1347401260756
27.1552627053266
27.1789898024686
27.202420622373
27.2206142420814
27.2524802401092
27.3038195912708
27.3339386454195
27.3461586289829
27.3515866085144
27.3371660749522
27.316290785859
27.2916429269982
27.3003822026922
27.3000514618086
27.3097331515427
27.338575045186
27.3584369081872
27.3457336165869
27.3619603111765
27.4139833582676
27.4432126764899
27.4847934767064
27.5352411735186
27.5722970329916
27.6578742733982
27.7538238475216
27.8566218157494
27.9282801690266
27.934832051115
27.9565337898901
27.9924478837473
28.0313125557438
28.0933071999227
28.1702058575472
28.2619923729926
28.3472645671087
28.4538579434775
28.5546427676727
28.6424041206327
28.7489377131321
28.880643743697
28.9783199619582
29.0463653572745
29.1001544008778
29.1594079602276
29.2328709159805
29.288858844815
29.3079545352721
29.3364229371278
29.316156129437
29.2987678530528
29.3352160617478
29.3684029487939
29.3741910484815
29.3939449777539
29.4947514557496
29.6239423485574
29.7592997321455
29.8674786623755
29.9799942207287
30.0259217670824
30.0581256907676
30.0884850608604
30.1215560181427
30.1439064405861
30.1716569337919
30.1833666975312
30.2079386130852
30.2313828204034
30.2678105155706
30.343736613755
30.4517305227828
30.5696806357538
30.656633868431
30.7064716187162
30.7383254099812
30.7409804302094
30.7453914585206
30.7106791137354
30.6926246617251
30.7274075526246
30.745565610072
30.7907418996398
30.8681144490846
30.936884441867
31.0519892698219
31.1498018525886
31.2706557928522
31.3751068093154
31.4794446116737
31.5596800357274
31.6227273786473
31.6728917880379
31.68244218463
31.6659364707659
31.6789667669915
31.6910983887951
31.7047024419641
31.7516117888768
31.7874251499745
31.7990795586726
31.8431958693487
31.8678303086181
31.8567346634502
31.8426919279339
31.8495940429931
31.844302312861
31.8282118439382
31.8263072942554
31.8141320816362
