# Fix print output for fix rad2
0.320455014769926 0.488912962265393 0.22760380040375
0.698092589257136 1.3295135753506 0.691845565597273
0.129948250506226 0.658506578453833 0.831600487972341
0.396210787254253 0.786597975089927 1.54843690469388
0.38086887863337 1.30840451621054 1.97313464218304
0.383723967301819 0.80255535383547 1.47190121857193
0.198821407994932 0.703512501731989 0.699651799643063
0.419484967422467 0.942132149518962 1.34014040209763
0.390384019636478 0.512331183692075 0.943394829416995
0.609630987528646 0.303080578301353 0.889330268039352
0.695662032581238 0.649653512153251 0.253610227670537
0.339189913302448 0.697598530402163 1.54864276551264
0.305337690289015 0.673773405359434 1.16030965467748
0.394987857991721 0.584460979990912 1.43726318960053
0.431820274911719 0.715053205611824 1.32970707891419
0.465948783580736 0.737278751433787 1.30274924668949
0.451332106260976 1.0075132765425 1.47375198107073
0.314291188385713 0.323433927871848 1.24152325543509
0.360576931977471 0.548295356806167 1.1849345104893
0.273792201339157 0.687896672913275 1.01786294482077
0.614778711414628 1.05055361246217 1.48480867343359
0.292641897454806 0.976108186080334 0.770460312971731
0.65283220083495 1.00435959401282 0.587364412067161
0.268334882007907 0.735499031363265 1.591291409704
0.673906511137108 0.998831298956025 1.025508601925
0.393876443910926 0.515183893138276 1.35656654726249
0.434365863340059 0.978755185240238 1.39672004049723
0.353388055124606 1.1796791327034 0.796539118081453
0.28686638172987 0.434694960186873 1.29894975233792
0.479481636287119 1.27303705308381 0.988152622867171
0.267600192829977 1.07555922905167 1.24147566418725
0.889547081796273 0.963997897171671 1.6884066113309
0.237728964281565 0.972332283109743 1.58243730412962
0.545001490458014 1.10729082151996 1.62413836397446
0.550957233463082 0.311650295065359 1.07340623695515
0.418586639365589 1.31783166697714 1.17818807037152
0.284649149271112 1.03755729585976 1.79456920021787
0.427542982490458 0.986537371621862 1.72272778054991
0.363722950371724 0.991129743899614 1.76843153309362
0.197921125936004 0.71356087266598 1.26982494298627
0.531906030004899 0.986084332782865 1.82108349002252
0.462623502591174 0.9826730427649 1.58142154297105
0.496524292593696 1.26269045754705 1.39039464555833
0.279699223162662 0.46247027051936 1.15417560822879
0.495735943653486 0.690437154393938 0.963117394501625
0.24047606512313 0.951496036883254 0.768786435880823
0.139616398432562 0.848515913186878 0.208884238572766
0.282623334953541 0.776275242175577 1.32816516958633
0.379249367364381 0.963097045393474 1.39734348077232
0.223605516671122 0.85095661703721 1.73912510712258
0.359020252690197 0.553565321205075 1.2022148247673
0.457750680222564 0.510191257318358 1.01785448922792
0.0220135373416772 1.03139562054402 1.16290539522466
0.339801471792179 1.13142774537029 1.08990472886005
0.375920858575073 0.704160437364413 0.842420707123697
0.412203279586633 0.122542404751733 0.851029785139046
0.27384476021397 0.667763640447139 1.03022858744912
0.586998255259201 0.466972795837279 1.0594933215071
0.246379960069906 0.991764225052779 1.38574150388787
0.078518758790815 0.765683936339341 1.64012552187688
0.272864496482266 0.486870194515876 1.18914907498661
0.585512348807187 1.32570386292656 1.19032890307795
0.592676638294282 1.35786090943238 1.71066336936135
0.356506963155962 0.850687883807131 1.40038006196415
0.341779280897037 1.03303550320155 0.936282452415771
0.253826060068247 0.633940027132741 0.724778456767425
0.366283501823844 0.413035339198269 1.06800931436827
0.457031397711865 0.686681446315527 0.0961740464818955
0.604530502160005 0.334457438965002 0.50563955942429
0.335265672954664 0.74239068457755 0.350256378161086
0.355319478913114 1.1662246763216 0.99068382322839
0.987877400506516 1.35895056015605 0.475672140169401
0.334974050954893 1.00311755555301 0.891919051949569
0.557383267646666 0.858452317159183 1.48859213529297
0.197814292937692 0.360624271137173 1.35703773715044
0.0808337736364896 0.716942799834433 0.477201778022154
0.372122735284559 0.750845239990092 0.717009474034485
0.457419542691638 0.835583437083198 1.21262123074556
0.610839079353833 1.10387771900504 1.19367211780799
0.529222077831261 1.03299816883694 1.29391946027857
0.48170329970579 0.940253223537813 1.33825413039496
0.329778556762019 0.478849985196246 1.10806010447647
0.395272115154489 0.356286148920189 0.821063206061627
0.471178943570972 0.273533075258773 0.618338295596473
0.215469497437314 0.621031263427583 0.292003186486898
0.31346154715204 0.48048783315773 0.406073623310328
0.607327539298012 0.583541112717626 1.11452116134684
0.269286498059368 0.329379042497129 0.510350483186808
0.31938180777392 0.742939829545688 1.33673089616314
0.304500794895551 1.04473326606758 1.77855042044604
0.218886329383867 0.717956200997887 1.29839983169967
0.439701241182022 0.926172155726498 0.619114974898009
0.347906817479437 0.961700720162132 0.361325202411386
0.307719822347647 0.674325152790927 0.284698425398808
0.0915652647537441 0.767713035485011 0.117786021322128
0.585556663903564 0.497766205289833 0.504685983955504
0.580031987991117 1.22737657814261 0.855647571256273
0.316804431654103 1.10852612053477 1.1947763791898
0.239062005666884 0.986295455038182 1.90176533969391
0.0824667963393397 0.36786615347514 1.03456519036151
0.130707323177122 0.577466674739542 1.29366683346635
0.194768033879347 0.470949434918453 1.20578389316123
0.307229194316935 0.704592135906732 1.55617879246697
0.41725699679974 1.16170170628416 2.00770907015333
0.24731042921704 0.790086840327824 1.56457954188746
0.218340484328568 0.970763699588756 1.48465817573098
0.418159166887724 0.397221155262831 1.23610239100848
0.315505004739085 0.442394702336832 0.65320437529533
0.0731189648285668 0.226310267627753 0.758855435466204
0.375691022205915 1.14978944583522 1.01664372812749
0.233702905587043 0.174041443585323 0.834966946805641
0.444355047435274 1.00495767928183 1.64325871550697
0.245574538951392 0.338742290384889 1.09145351680861
0.112619433244889 0.730767721354507 1.39571197509507
0.186957935719819 0.668688284443624 0.889749132853786
0.71644552838435 0.665064579731598 0.474066549585207
0.320205897999566 0.269392235366562 0.923083881956689
0.600887114420133 0.702285313916876 1.15994278662672
0.441397922364714 0.804717836504754 0.488335017279598
0.532735089913938 1.21987706618099 0.653951653094754
0.535606992750415 0.904943763024852 1.67737258245443
0.381073806173231 0.134294321024019 1.02123344825941
0.0951938210246721 0.635657167080554 1.41312880841354
0.343061117742911 0.492525177643198 1.40264824814237
0.122639232831287 0.836951329392329 1.58355939544829
0.361141436037959 0.575545269910607 1.15912742233615
0.168135324256179 0.451302856943892 1.3465208702126
0.512957456541679 1.05057752591463 1.65238019056188
0.533862877139068 0.965228619322509 0.824878206151363
0.135907530219944 0.56254224457243 0.513077886746249
0.210646475842826 0.717078118297392 1.36653004645452
0.10995325702715 0.743002947402753 1.35957635346773
0.324974986301639 0.38913928919719 0.831336607203106
0.258079439878621 0.884083524774717 1.73888640666429
0.530519011723038 1.23184416818056 1.607966250725
0.331663740524021 0.690157576888248 1.28618299780916
0.45939242972392 1.17147379242265 1.89778361426199
0.340753672211351 0.681683498527081 1.2140839371117
0.284396773154069 0.475361196898387 1.00674346900879
0.478106453392519 0.653784524569211 1.40442071239909
0.607859112653709 0.762685709744757 1.64310142589301
0.0485492403340755 0.275414224528036 0.778374731314087
0.380301569502233 1.07601454756947 1.61050884897468
0.459085337704358 0.741573950665184 1.4275188443956
0.22156867278255 0.908553423936266 1.47218878514216
0.216884566017629 0.401803205269312 1.11674099240385
0.277446654919495 0.617923791985298 1.01117134847516
0.369040277320192 1.11663904312539 1.35948711379699
0.676069945779296 0.620967409240478 1.36255158733034
0.314437749962348 0.709434317983906 0.674433470710973
0.237501983555408 0.127980879899234 0.966062265967214
0.291537906305715 0.784367339514439 0.977852013744617
0.244778243830293 0.503625163144947 0.481026378857297
0.52115764319096 1.21005479029041 1.43796543334321
0.308820224885954 0.479600369992043 0.853409432988652
0.273547499273041 0.777656401860871 1.00281179947802
0.305741530880104 0.574704916034471 0.975765603636032
0.438924866276056 0.595870800599068 0.609176837366482
0.276445696592822 0.568908362776257 0.547795922855267
0.242055872516765 0.613405654036199 0.731910582771323
0.509613613924661 0.466607976902068 1.19942616932126
0.384750596907068 0.579393446747117 0.927405950349525
0.607606978952701 0.900026999192091 0.87612361001235
0.315400647456684 1.05745989214847 0.49508495989377
0.247354848177209 0.459389498652593 0.32671438514105
0.468547766384369 0.248104646547106 0.726800243899773
0.375126027872137 0.729856855681878 0.277933868788466
0.558069995186059 0.664681853607687 0.588942513701871
0.259422874973112 0.477607765340183 1.29250036547072
0.368951102649056 0.560301558122358 0.52449453552006
0.328627746893941 0.158900998228459 0.886157955185873
0.322555834256743 0.666602966701797 1.3442814571675
0.260585700629111 0.732015320438635 1.30253155636364
0.224150088759128 0.836220152624009 1.28058197087767
0.207415719859875 0.36347875366117 1.16645251693405
0.20208371091735 0.587141305223436 1.2695276372312
0.651250046184621 0.840869911102905 0.950357117215535
0.20885667143883 0.617427432583818 1.23548942654496
0.422807075577262 0.669404457694032 1.32902187332333
0.268403846533755 0.678995842777805 1.51005642103927
0.388901938109045 0.560539446318193 0.995588835886396
0.110260853519507 0.581228748727719 0.566354099606033
0.402864402102337 0.324785904942619 1.04727513680254
0.705773572459173 0.285147753124216 0.367027228540677
0.35149026726818 0.316132259777499 0.140168860037155
0.0571825405365368 0.650868190150751 0.81646173443155
0.136351663480474 0.911192760224225 0.5755418968513
0.268810346384382 0.544926100056752 0.205897140616546
0.321856094780368 0.894806443949765 0.257795461129669
0.711634614686358 1.5104920196693 1.06371487574535
0.536591596082556 0.93399238011179 0.88966028900991
0.362590158364243 0.211147965240318 1.16307437128983
0.409928829491023 0.886258500777548 1.5415566822308
0.215811575189228 0.695504330497909 1.52569013143619
0.265980534944477 0.787817162699513 1.16151585511161
0.356610967086332 0.649125226018791 0.901663244244229
0.204089417054176 0.220792544482052 0.921407201503491
0.485843707047616 0.756918873077088 0.114485869714441
0.168770156727376 0.531704496823543 1.11787679104064
0.010756414431057 0.450542302415366 1.02123364322089
0.294044703865108 0.970649667008021 0.57088559761783
0.419632515859579 0.341166439487958 1.25503377840613
0.319705890577878 0.83340612485085 0.756793085577248
0.481422270088872 0.282073843570417 0.826655569811358
0.45210967323697 0.564601374081388 1.31493314456076
0.605077616482015 0.470750398478069 1.31484137178062
0.433162022764052 0.560687780440308 0.668312204413846
0.523183923511111 0.376787666306139 1.28721804491319
0.434028219816011 0.712080349429862 1.61019772275374
0.47567452497367 0.476271100878294 0.969491917179687
0.420269160776543 0.670633063804688 1.56685139046711
0.4487163768517 0.803093929643213 1.14544643824183
0.26750671909686 1.0690301135334 1.16576984251505
0.23876867568153 0.959825736249183 0.514357532442672
0.423076488073966 0.802988197067858 0.508587915701912
0.603008528893369 0.234490709264416 0.919526515709315
0.676269167492134 0.433065108675213 0.338934812195528
0.45609781147937 0.46242474724948 0.545815390359551
0.260320098387992 1.00716744033071 0.739247527655508
0.44195243530555 0.711466140188496 1.13920904186823
0.186674265799961 0.794514797158255 0.787885852820435
0.352380560029719 0.781270301469853 0.825154432008012
0.599862123477036 1.2280855825232 0.948268789149337
0.270613952176921 0.932583567188361 1.22256246917668
0.0838936430717043 0.758513353241701 0.268885660702947
0.252970289044969 0.332941710090473 0.487498037604366
0.408152523574623 0.459577267603879 0.542419882046751
0.166655459849429 0.794897842879628 0.937272160147918
0.554254193074792 0.383831228689934 0.607220815703728
0.427580795419633 0.239307328965207 0.62049721407788
0.382325682112125 0.737821203423352 0.420431555799883
0.488519156267908 0.558226983348032 1.20535081204203
0.476269200997374 0.464364417933096 1.07293935264239
0.410840780066401 0.489399900943326 0.803681474745442
0.1969687744587 0.486129495776591 1.22157440249887
0.2911007509142 0.967927039410716 0.46175094435688
0.543088632928556 1.03852372469984 1.60595515043822
0.216523786297791 0.891905835006199 1.18694744777641
0.187562604390971 0.770404023965813 1.31304652495638
0.269878100741399 0.96833682297269 1.6211307675695
0.362452201694659 1.28740874675457 2.08493463378576
0.180081493396355 0.436553883732439 1.0636985874017
0.20092129255211 0.78257324284123 1.26805569826205
0.436498165100293 0.66625432170218 1.14326088584765
0.60229692033651 0.814629937742239 1.34882626033471
0.305878467557631 0.610355262347532 1.00915485697903
0.231309212829627 0.577119441704829 1.04534074537327
0.455111792291439 0.749943586746499 1.64801192978897
0.356492595098243 0.407944197783376 1.10984787849699
0.223464065761187 0.372442670009827 0.981028694280001
0.309023944470386 0.113430466708518 0.932377247083953
0.132008263565433 0.621900067227638 0.987461658590111
0.506763448422222 0.641814574266395 1.45824363421306
0.239699765027446 0.635679797960913 0.367372071997965
0.0608352175046093 0.547382355293716 1.17194976156641
0.142530919734135 0.460288412941897 0.964804492799189
0.407108295131572 1.04410047816706 1.37815176792416
0.26583983879094 0.367374306404914 1.15796179374083
0.400296502221463 0.989980904582659 1.68906359898408
0.374281695665046 0.592816855266001 1.47144946905169
0.3530533933483 0.344283924409805 1.0754472721911
0.412512546698538 0.651335214372036 0.730831497363404
0.318203926886037 0.400542520469083 0.583301071994865
0.63208587995133 0.31808976189366 0.56558154655445
0.684761938047246 1.3681910189049 1.56597914982336
0.566596274945166 0.781993031612594 1.2327976156324
0.508935995648146 1.23103499305961 1.47987771803404
0.129638375113493 0.261482973453014 0.540092215628134
0.306161522207119 0.29331880698919 1.25575226835363
0.274755842903631 0.913102048949406 0.302749343809795
0.218377416343095 0.593863513609686 0.736814706785149
0.315580827925847 0.798948935233233 0.324996785014738
0.255278406987716 0.626170224240133 0.580326575209251
0.170417545468039 0.427532184978064 0.398961268621569
0.209253307545752 0.747171167470852 0.792398303321791
0.344442374626014 0.423112984936963 0.850256918509472
0.128134655630958 0.459742367637134 0.922390360327445
0.140801898965641 0.618592737757873 1.39709554589726
0.139210399457682 0.942538788652737 1.86623198342454
0.318171575393947 0.629741850493796 1.06546896522844
0.41561441665895 0.985129141822724 0.925498008962397
0.22031706886232 0.340109785714978 1.22685747940623
0.362129610615346 0.493873685201065 1.10644814389461
0.491945994807225 1.13136855513993 1.88506213393527
0.148560931864469 0.659753756228935 1.15343054925197
0.395528178399825 0.834686588047823 1.39724010427948
0.566030476208745 1.28103916190643 1.21960382708537
0.421454673086021 0.960551535270443 1.00804537335396
0.561556569110803 0.512783738214115 0.978757472149435
0.269381425721516 0.215830690014681 1.0634319404418
0.369886840739731 0.595278764753416 0.679728965420744
0.387388166159929 0.545278461681678 1.28603830383512
0.361471557628879 1.11649057493075 1.73631241703973
0.382783474064779 0.46523843575864 0.584386124318826
0.205088988591022 0.724419319216237 1.49108547866251
0.257897151827696 0.540258361262119 0.879509942375819
0.182474638876464 0.853810662356105 1.05355436341376
0.524719235449717 1.07319631611003 1.46793171909487
0.525689639505203 0.551397252881268 0.917231643392277
0.38160605605285 0.508687679162488 0.844908855753903
0.434296889943504 1.03879489417368 0.65997027740484
0.170761414732436 0.79722947970704 0.509574415242282
0.402082032044181 0.54089446045608 1.28259222632508
0.258967789579216 0.70357126746661 1.35961387249189
0.239624957583276 0.503773791117062 0.365942188506945
0.374236186488859 0.567647623326939 1.22417109655324
0.304674980651732 0.808470879141879 1.44117587511924
0.321782307756723 0.0553633838336835 0.88982501133599
0.535424198553678 0.461698474438013 0.292478861589892
0.171593262641615 0.410356564380201 0.251099100381576
0.287062936254673 0.927979184926364 1.11765240124566
0.438312032661482 0.450904259106211 0.599526361595877
0.0402931370814576 0.379749076887052 0.602356375624031
0.236613500209298 0.392063564436304 0.846042654240002
0.589186751048234 0.587868543559309 0.509796762064564
0.0821466813136831 0.865043775105931 0.844468506811206
0.201037207253225 0.327228459756978 0.962113792524234
0.450725167528495 0.398248844968728 0.583374232285178
0.73489446639927 0.317944328541841 0.699889629572115
0.375411377413321 0.649739656911719 0.908723881692245
0.272903966990711 0.743586080078008 0.559058500437879
0.0996683489526277 0.837262772911642 0.595973604757224
0.283907061748642 0.796844947441422 0.990528853521382
0.707923491392718 0.531769802696248 0.999965367604886
0.15810308213761 0.147860214910994 1.01288155288767
0.212456017033363 0.59124051992995 1.23560780392047
0.176732816830032 0.911603292807543 0.418422585182141
0.348959347465035 0.59347261010247 1.09879744050906
0.167823655391085 0.660224460123548 1.53583164423991
0.438720400896101 0.728561767877821 0.912735468249248
0.564061305672545 0.778196285884717 0.903830116178552
0.337231573900136 0.785435068598471 0.828878416100414
0.500435460739853 0.945579492266799 0.929811863273236
0.358903314947674 1.14603602266416 1.73381298375047
0.184738628439283 0.734966063310332 0.378578731208578
0.153269693962704 0.206447199054206 1.00265285323901
0.408769728740887 1.00754003708702 1.41089650114315
0.470060204281669 0.72662519968264 1.24019635766805
0.286798186870791 0.64741689150382 0.790258503483368
0.362494096833929 1.1527825079698 0.544626590006252
0.679579721985522 0.993389455002038 1.63520928435226
0.325414931219307 1.20021085267008 1.94341360030869
0.410669708209702 0.172025276375015 0.953854487063217
0.576029658143442 1.123645340562 1.23472727020856
0.397754817997059 0.483079371905768 1.06177599191378
0.526740289395394 0.959597554055927 1.62983511449082
0.481502290053704 1.25853878115808 1.77378466335688
0.406509971774447 0.756821155801063 1.50211118993944
0.519961264108798 0.664495545417704 0.850838323138864
0.185932956274268 0.104622444115245 0.989170492439309
0.346397584297094 0.72609311869894 0.908244312001024
0.31553651610824 0.638797341204071 1.50596534485399
0.256267018576954 0.273380928078114 1.060679916059
0.377279354383346 0.55576870293984 0.550724385763454
0.395976322214464 0.768719464422607 0.460211377772428
0.33839006617008 1.0068071006476 1.68598016887372
0.177051468309508 0.781920797658028 1.42970315277197
0.377190328105016 0.832456332437207 0.6634619848473
0.0829329272613966 0.704315354311995 0.962272566226884
0.63491563666965 0.353820655307035 0.403332941484135
0.158049459764734 0.929424941180989 0.437789241731016
0.378567319646002 0.192579225916252 1.03950670328775
0.400108492094957 0.853205967028485 1.1974652353075
0.163755503986481 0.848844714670029 0.994817452505967
0.339002161698181 0.431680343590917 0.477943215678969
0.346009894341123 0.651371880066851 0.817666912871637
0.683886441895839 1.36350155172627 2.1578102840343
0.32884139591792 0.371162562594272 1.00112813783002
0.660939468948396 0.890021616196552 1.01342022440365
0.266645797496539 0.26287912681543 0.754334453204134
0.19797164948468 0.682405957201398 0.296736726593005
0.221822590508641 0.528261051919595 0.881589888769148
0.499091255228072 0.437745276124566 0.601894030507824
0.389305631962692 0.77260513878475 0.853587984122756
0.246232913200777 0.909649559566681 1.57187051315523
0.495884289389403 0.935570156559931 1.55138792102459
0.337222496235539 0.592299460671173 0.89697977762097
0.353036133449922 0.482103984717804 0.954257692345478
0.338803532604627 1.06340221999752 0.339172687398673
0.293669332311363 0.487588923150827 0.830085570247385
0.371115191025299 0.674144122770137 1.12169378863421
0.125284821103229 0.534763845818437 0.70458577565407
0.219827424347912 0.768902409290316 1.33946953036638
0.720588976425666 1.10219800623926 1.74616480256213
0.18929277965602 0.118581698839857 0.295584769455023
0.220575568020118 0.712531291285926 0.766503042712537
0.645494993138185 1.07252200118855 2.01730487134062
0.446887515657195 0.342260492375866 0.791436429745775
0.12189379471821 0.51529194551458 0.705478820117524
0.587957357138188 0.645260076714055 0.949638477062036
0.219221277074539 0.386925782922713 0.582562581572458
0.425357999493448 0.971055563951081 1.5375500102673
0.594017742588613 0.954068104836531 0.716180660283291
0.255735623372203 0.672109388101103 1.03373596935115
0.317890520353631 0.999771676347962 1.50625497936237
0.320337369835082 0.460175551348819 0.556266831273131
0.068044575588819 0.784646269719613 0.140310942659914
0.0694792424819837 0.756306567305917 1.22871165815409
0.396069268852992 1.10352696068133 1.47430572321162
0.375393324269141 0.710439831921747 0.952053427612747
0.614306610620388 0.525191713940314 1.09224620788724
0.431806563046323 0.457716485425618 1.08849016886126
0.308527589894364 0.47856430739638 1.14737175942263
0.31420910522889 1.00493805957907 1.42963786834686
0.181723668259844 0.517989911654658 1.29715000504664
0.228909605632148 0.974045009184713 1.27523503154774
0.399582706778233 0.972843268980166 1.0192345840637
0.212959484386816 0.0456073113654703 1.03894437413794
0.395055577464138 0.308772880670315 0.634288780963284
0.260722697421927 1.10302299897858 1.14297750706003
0.872956103642241 0.0515429675666859 0.992923711698939
0.398034969169952 0.807285913330175 0.966948783661969
0.182186686032481 0.266464110900133 0.811207202787784
0.386781656503182 0.78364291215133 0.303981100977344
0.439490122661 0.651162917038736 0.757290111710705
0.304561076056573 0.450517804167827 0.927281964536608
0.19700942128238 0.506043836406955 1.37917400564161
0.346989986522576 0.689507590844459 1.29401781045187
0.544474197744305 0.120824043877023 0.866791848001059
0.32441842379527 0.433884786494013 0.464810200780329
0.418667867295006 0.27798642050803 0.625102788117091
0.373278758015305 0.36197641218721 0.436235886859702
0.4668009174412 1.29831816616171 0.338074129184806
0.458056542135801 0.638993732266746 1.04846346074921
0.463170761073434 0.614925863980712 1.37191890811762
0.153783457968699 0.537228920960528 0.50474010796181
0.281703980112819 1.05908828008256 0.596678131653819
0.170448297228785 0.297252816607197 0.5172324627872
0.499632277927115 0.243159971705133 1.02600636168388
0.315800501329835 0.372432533931405 0.601858893827016
0.386128173289253 0.519156369924108 0.283287837493765
0.348843930988721 1.07754336722657 1.45055840271048
0.351149597364274 0.338004365058944 0.614860056904953
0.447141020527352 0.852387893685433 1.17101541748706
0.378641723722895 1.1187498827822 1.05216339862148
0.228601481916176 0.874003630773287 1.23789430061395
0.504419280637211 0.43158956013006 0.964594375152516
0.551951177222108 0.8884495921525 0.636064612596983
0.05637449719771 0.903334829280632 1.25632958827309
0.499163378252874 0.442707159683664 1.13733994532802
0.424398271664354 0.642170411171495 1.2185226313648
0.263801325602346 0.602804763632815 1.27756087554704
0.509509445972623 0.361636803382638 0.214679153849737
0.315380164332926 0.145415626639822 0.522894402881136
0.351290383516874 0.677721952373842 1.44936078122662
0.540072349280381 0.85155839693516 1.18966787754903
0.178389997833551 0.200422945422708 0.992687710329983
0.286834788370449 0.85646945246633 1.14796723131753
0.198912040266223 0.575230903981427 0.651683885112464
0.589433235168378 1.2452594483753 1.47947563311409
0.43886579896336 0.397803798173485 0.852734517993384
0.470578709123567 0.552878487297862 0.460035932084426
0.263286304132359 0.565107548078415 1.02015620986428
0.320665756869725 0.964499122360795 1.13650552395356
0.313862848331978 0.902018503341777 1.48357764177353
0.224073352348549 0.679875967466649 1.28159457566869
0.325288504261956 0.245719906556134 0.54219575625689
0.361093895118836 0.433474344859547 0.139850245813432
0.451831875056809 0.436878882909456 0.826068608000051
0.272046147372868 0.454608539624739 1.38582939822596
0.580505536015726 0.563532254487034 0.265745792644286
0.228202801289531 0.698370112410493 0.413460887367852
0.173027994367675 0.211590148434395 0.763192348549781
0.199156554091899 0.481497823028132 1.11790371777941
0.545896038061934 0.974414904714327 0.781786088105493
0.0972852216834529 0.431409328619317 0.616131859653054
0.443461265192688 0.286825450207459 0.988875667876623
0.380849907769467 0.899509479611107 1.01450053162422
0.365280790342851 0.633571319980327 0.640284948834429
0.407642039296147 0.67857836715824 0.749071613975969
0.399901711630559 0.869043250122585 1.30213461344739
0.195231311195369 0.942334636012195 1.48633556245115
0.321853018420779 0.896753073475838 0.570759934440835
0.329314537907458 0.901946057277393 0.22095122343213
0.23556056469542 0.267762483139876 0.913293224198579
0.710493584169312 0.845249730893879 1.57718048177719
0.0914451444047896 0.213037887087698 1.01051268047761
0.176290739440543 0.359530522015205 0.500586406377009
0.631991006372275 0.757019710168142 1.6522492687724
0.185937868253366 0.501662600299391 0.660699931867704
0.405996717522124 0.13052331659378 0.855540683256363
0.301101325917024 0.163402025778115 0.940717267941357
0.406935015708476 0.442627294486679 0.701057873006833
0.349640074681707 0.428858282713954 0.930135669026744
0.663820443548016 0.57213657190866 0.510422973187682
0.867403365162633 0.722925078097075 1.14049746711837
0.541210053027867 0.161267068392636 1.07192794736629
0.103369573099827 0.450045230506654 0.868132644765257
0.384040724120234 1.09112708110736 0.743315233203391
0.114028647450595 0.762802975179901 0.86974896081222
0.469668024815964 0.602839253803198 1.32088768307392
0.498783961715932 0.768517834301039 1.10418770142817
0.337121048128917 1.1189200811352 1.65168520949996
0.38257928463502 0.265313692202697 0.669273769105011
0.17693316041878 0.377304268479353 1.00772263673765
0.381279530548211 0.732972705509559 1.39376928497019
0.401224148224069 0.432149907568615 0.0582905917727372
0.263244561845203 0.79142378307623 0.845852575848524
0.684968124378324 0.837805997203941 1.23345821463797
0.480492672471157 1.08994624776513 0.835412649602905
0.21882857249138 0.267808671884159 0.671577079844993
0.304947928227469 0.592997346060285 1.29218355403731
0.407532652560444 1.03575652941888 1.53655678480644
0.151699939640955 0.177181272521644 1.11390401525548
0.517848326923088 1.19102026942766 1.640734822384
0.306511712149538 0.54463716239979 0.601261046528343
0.367967085725691 1.01837332299292 1.25291454114407
0.357336309458265 0.21330250610845 0.744131650219217
0.489103602176185 0.433216700757072 0.752787124315759
0.0613470863422328 0.654772820975923 1.21465274039899
0.28207219237911 0.905897329147361 1.03563182362014
0.213656597074411 0.727082551308853 0.399243512196657
0.372806693955275 0.60736664533483 1.26921339364051
0.207117283740313 0.695503428999065 0.224204589723798
0.134014204792376 0.85833615950091 1.3039173320151
0.391526250925909 0.296236740274028 0.726222659283187
0.285581724239964 0.306147341059721 0.851695583226906
0.712978130320056 0.934681765285118 1.0349688440188
0.388516188484018 1.00208726085503 1.17114622312501
0.158081698466351 0.980659767065801 1.91853523238201
0.223953765625514 0.528083608978208 0.936543703077853
0.253381042984252 0.186820679934156 1.00761666300308
0.197003910223072 1.06706470998208 1.84508137072405
0.481837333751123 1.04472889942948 1.72885882912041
0.150168507001448 0.86178141657958 1.07717595758338
0.27810902210917 0.531724719642869 1.14726878788988
0.578047088134549 1.21718100336807 1.75509677093365
0.662363315616329 0.919869839113108 1.80865012138919
0.394325111374067 0.480331574998796 1.06387542546287
0.167289470016421 0.434656013342146 1.23514810613043
0.33883324049335 0.955318045767149 0.762137877684022
0.458137178940916 0.762735764614497 0.760171345242222
0.076004067044496 0.174527740020296 1.04826066242239
0.220052687425125 0.318978867263481 0.307744700633739
0.441805359602381 0.986458419067133 1.92322728342347
0.24696109140858 0.545705141863074 1.01512655428
0.41343476251066 1.0447685191803 0.542714387544763
0.544946070687437 0.633092913606887 0.939938678956475
0.254340222701276 0.485637112858844 1.4249218179114
0.355687683319899 0.848772007027689 1.29646986316363
0.14177234260297 0.461590477254052 0.359841214263877
0.374433803053153 0.484760238463341 0.508622972173825
0.0525838572153243 0.784005500386734 1.37453192399142
0.141628984750399 0.121723446862347 0.794789335277267
0.431824806338618 0.236257559044432 0.885589891253182
0.271084817487655 0.495416594757841 1.17441410703216
0.3472235607596 0.514785151721317 0.886836727451152
0.635699198173989 1.42173308525098 1.70927637178624
0.243392873407419 0.490452949677389 0.654538399514843
0.240877432480343 0.442552795728091 1.3434160176869
0.0911049730310747 0.743349882120022 0.912856454188078
0.270934326073015 1.00484378151002 0.911022472291667
0.23656609212887 0.599471370253281 0.775018702806933
0.398979909733108 0.815263315070709 0.738322723378572
0.409083820392527 1.06476142176527 0.445562808910343
0.43602103135739 0.602374018748831 1.41112045893112
0.488563566763731 0.433494771417989 0.986676824574467
0.343936804913975 0.558442769512029 1.0368381163546
0.497626327013256 1.26720646641834 1.64708003472975
0.472925588683922 0.627254455341821 1.39470431622119
0.235665805230648 0.456016903854107 0.656997766062162
0.526026358888053 0.82501374445281 1.63074096079003
0.330723421944876 0.612967537397571 1.14253883109815
0.459501124208235 0.572325227189422 0.295800052587421
0.300598260549332 0.733264506691447 0.854032726720172
0.292664336702276 0.419248683578582 0.0831736816908739
0.409768550818319 0.844451530219271 0.729535749152008
0.436850349979221 0.81182029568384 0.849887719435471
0.379795800200303 0.768875105228473 0.928988235117472
0.395156508287407 0.980345125555462 1.87952855436673
0.548496020366457 0.534701195446856 0.725013773279598
0.552732841864276 0.931571099753589 0.638346375949871
0.196889120568614 0.616247526872242 0.65195233540138
0.452894238007632 0.628259741335548 0.591810311065571
0.0500623661888885 0.557957140592179 1.4162985999534
0.128440560057483 0.967767011810043 1.59992390536546
0.18910419194305 1.00330446609951 0.539150582760245
0.475253578753201 1.16496191836457 1.84959391828385
0.418748258579624 0.925782976629327 1.1362021974398
0.129207023004802 0.394904931571689 0.428430425685075
0.361124224628112 0.898898967827105 0.662556124691883
0.495213636497906 0.473658086667318 0.830467916903802
0.593810071293312 0.53778866185325 0.482866355789273
0.401466046862823 1.09457610490855 1.1990310055867
0.447963056888763 0.686883596875834 0.551441661335324
0.331529335060148 0.88556809218908 1.01507300326037
0.126220344392763 0.7036712709959 0.869128180478106
0.536437295602364 0.979885212148205 0.474492376410534
0.198677634422727 0.538422009969262 0.588972819147065
0.248142539767188 0.832374423462123 1.08212555752994
0.131781648404048 0.164621562444688 0.650124071009429
0.729009049942027 1.46249033189104 2.30212095291466
0.274165188911566 0.631332377918083 0.229971030424061
0.462774866827246 0.922082690848018 1.67025321407623
0.359239896765098 0.468109146091293 1.10844153596932
0.27150165294671 1.07324583547634 1.39935020317191
0.631920235323212 0.738327696206436 0.543736148341683
0.417176793979733 0.953509487477192 0.740231823037621
0.31230369023814 0.150698821565663 0.639835761700694
0.393911066047867 0.392552873141993 0.98031431858984
0.31677039520628 0.518415922663905 0.765776250502567
0.491200189692555 0.514832530638551 0.494441928972162
0.499540409638263 0.527881631771026 1.42189020402775
0.548382271950166 1.09032458147004 0.261908387973727
0.248115831283963 0.357327106480414 1.04489768453889
0.489731802845833 0.0330880593403099 0.937269771835537
0.162718121978733 0.711469371696512 1.08384693275058
0.402943378322775 0.70779749864682 0.519830667064423
1.00726170663633 1.04186158444104 0.287758539092694
0.53105223710721 0.388842965973396 0.616597804005315
0.458485667774472 0.406834941657878 0.803793261202981
0.268978816373086 0.75733648088608 1.10959903740139
0.25638866312346 1.0633816131772 1.69446088180034
0.352409543167394 0.652878746752836 1.01399907547458
0.416809683303011 0.539318038081022 1.29286906918078
0.456717129379628 0.432874845769153 0.5859554492135
0.345450961013697 1.2043945220984 1.20854553105255
0.558245559495241 0.909428141235656 0.149502397997793
0.400642162295812 1.12722419276773 1.37152547259515
0.0816411445592634 0.631390444100798 0.151053168108117
0.285686077278345 0.389621195443422 1.23132232915356
0.190552446965386 0.534366556570979 1.06348404649797
0.0821903994447854 0.862516647649873 1.21736724134676
0.175437494944953 0.174527769431592 0.437681454734226
0.281293568985629 0.731283083524619 1.39260242242001
0.248232893425384 0.761904804833951 0.285368794034673
0.232556983577449 0.397750889917124 1.32490885597599
0.35893235067497 0.54175957721176 1.48339314321565
0.171280317962472 0.968743473325437 0.347527193739188
0.438533821154102 0.940279626312843 0.213646257294709
0.483532454825151 0.855773132578211 0.836354803849343
0.68453467667259 1.0244166369907 1.55303381367074
0.174827179424128 0.316153413287316 0.176624714893863
0.666244255956139 0.82191020109646 1.1542147049248
0.589703711141026 0.393537883331184 1.01608726540662
0.59497162715739 0.203524127689191 0.829440333813551
0.28186526405461 0.942339959192141 0.748648499579041
0.176152750471116 0.687057558138898 0.633714370128434
0.416474589013017 0.300860713330042 0.294534344850093
0.21388012233 0.785734096562767 1.53316392483443
0.165810247159975 0.813900462388826 0.547393860495538
0.411801639520849 1.21039801122357 1.98342014744664
0.354371242736636 0.294672125233856 0.663328087366502
0.125132778642052 0.497541654626923 0.753085157066041
0.543007155729274 0.967142164731655 1.61045611068571
0.344654256249147 0.633073186451403 0.829261773700666
0.134395875909736 0.770226911786679 0.997928368356258
0.260434896398086 0.651885333830963 0.769417625995619
0.618261800456115 0.539312481977329 0.599310675774314
0.361617753825853 0.644719084068107 1.29875034061117
0.232762464947358 0.938090199430575 0.750263007583764
0.429567248067325 0.498847559343259 0.797658276845386
0.178373922407373 0.0786485249199201 1.09688326092865
0.758299186190157 0.19258243130861 0.722927494542916
0.0830953898264386 0.631836526996654 0.409865267170424
0.348808386717881 0.64424789753927 0.984097592312727
0.345693492619498 0.35362012132633 1.17843779438505
0.500276385550281 1.03497923166808 1.56459171480923
0.209929212357121 0.718340082110896 0.291984074636947
0.490783548065549 0.425137324609392 0.432137634816428
0.197179301167639 0.761410467145508 1.04943469646239
0.388621594942892 0.838348614163338 1.14226933046995
0.231753335399422 1.18770503921854 1.14793982862502
0.633470680319234 0.178460096614932 0.581254731230965
0.380223078909602 0.730263088362636 0.216661707103829
0.321954780141129 0.67314782054815 1.19269934191806
0.704486642112753 1.33950126735827 2.01263786802125
0.517989514247146 0.315480908305789 0.154191668719196
0.194260985262984 0.648665791645351 0.305470950297467
0.191839648853175 0.646392685279887 0.869547090113135
0.480558728107398 0.578955610442022 0.461212567127992
0.320928315031849 1.02205179131067 0.686890201970484
0.511518904000228 1.15543844713478 1.2940287647766
0.338570804981964 0.50559977387574 0.710873523093861
0.646692763937556 0.348499415541248 0.772640796651033
0.123484814826541 0.794679256051824 1.50946496729862
0.316013374576257 0.263522487213891 0.476480308673994
0.645537621738447 0.952917773161883 1.57392490335188
0.242126633488038 0.705965718664247 1.24531394317676
0.399041813952719 0.239503540647459 0.727240150531845
0.224027642481228 0.919055795646819 0.39113541567743
0.3152895762647 0.757414970195962 0.884698897830046
0.605033095968403 0.564164282165172 1.02843089232453
0.464919391323025 0.224863012858053 0.486114446003065
0.371429708629934 0.416985266525458 0.913990106558928
0.268734954007523 0.621733201207978 1.18661748098067
0.394563087325757 0.188276751994446 0.773608263073555
0.467425080024358 0.370039357205171 1.14241735865456
0.210679447448363 0.650271911922912 0.78226721101038
0.177846794703991 0.91646417683006 0.316342974486689
0.255208987042618 0.276735040460544 0.836324533827007
0.370619383164828 0.257200398517373 0.200238414388918
0.511607590282992 0.322181349656345 1.32608381204759
0.0367446879582203 0.791928602019883 1.45347689769087
0.150197876641991 0.399653569612434 0.756625953352118
0.367213893763297 0.88633898330032 0.927423927862865
0.143892186638745 0.710638726240053 0.499104080558407
0.361774033505903 0.47849558392682 0.615952296903065
0.2239811155092 0.388637252763836 0.8017058298226
0.448708797840849 0.585969391587674 1.26517222307889
0.460380938738718 1.01952562399065 0.6708041545867
0.464114004026694 0.578183652357087 1.38497291998161
0.183111630078631 1.09377890517821 1.24171103325738
0.0627456899809201 0.378287527293362 1.06780777326251
0.393418900960835 0.46047579339779 1.09676975834969
0.332698708595134 0.279507287392294 0.851234306089025
0.361029448712969 0.132733996334241 1.16823816137212
0.458257312660592 0.463720426503232 0.218279001654808
0.292543872984187 0.569890889750838 0.554685317796536
0.225624330933016 0.310022091459122 0.903132185142243
0.378520259945631 1.06929597835783 1.78471786150115
0.500738594011254 0.221791032625501 0.143347718812619
0.271081118107118 0.933086651901787 1.63803049904557
0.653109016780644 1.15869922661482 1.42985950284613
0.427571136549056 0.665271788994725 0.89662200608113
0.345656607234814 0.178235830955758 0.844560606284283
0.0776870284535418 0.239846069385315 0.866327150217966
0.173979455147737 0.374255280737096 0.551334604293685
0.28869815576541 0.389659828731008 0.22030919952452
0.363262630663748 0.622098014543146 0.697915507657906
0.130670242010736 0.650564885744911 1.68323356561523
0.108633456854429 0.515880694703032 0.205511754648472
0.106801224225821 0.645456496870709 0.476288711842916
0.261945304723169 1.1056086232335 0.908584869663925
0.451374588850855 0.60089598160348 1.24869798900135
0.495858919932158 0.900614063001289 1.39198746391375
0.270780241217686 0.667264268879368 1.31814032555318
0.493203818757177 0.903624177002961 0.837542520126381
0.311017324330302 0.938501729954649 0.452644034572601
0.232047455798788 0.459093533412045 0.909094364013422
0.145819891876887 0.807450654716794 0.86301488683185
0.330615082640209 0.469743021041364 0.704505108367052
0.730964541810713 1.22642525994307 0.418822993685531
0.438122729519692 0.645031666588806 0.317151928845996
0.311229101422233 0.644098486633128 0.775282177705837
0.0976877866633228 0.393971805453225 0.573288702188266
0.349427205208521 0.599212939813745 0.381282599106088
0.422637704368779 0.552255076363813 0.561902867797457
0.351306478629763 0.230410159663664 0.239141102351821
0.144104230564166 0.102345231662017 0.480053899736961
0.251192427869743 0.205100096983724 0.542720921375223
0.224344727876672 0.661279690020352 1.21218051283977
0.180140771694431 0.842515017903636 1.48362979588959
0.598043044352752 1.30179613454644 1.45213864425835
0.378157557727114 1.02218343469212 1.17377025299177
0.199777290801484 0.280392226120959 0.719646139453594
0.411950010327107 0.40164314540204 0.771252770540927
0.3009528754287 0.957588783796157 1.17470418011878
0.108785857836732 0.711829667279383 0.497023751349812
0.389872640879886 0.55274361943462 0.144265480108863
0.55535133897069 1.12193807895379 0.584951339809742
0.639054632300303 1.2610105431019 0.544102526447163
0.397675360468647 0.329937178559248 0.729044261761883
0.125242044081566 0.571347307707535 0.291198564655652
0.271328743919228 0.472958054936174 0.541203660149093
0.479319752863071 0.304099020947717 1.30507011473605
0.308699841208501 0.213931251653493 1.03763095391613
0.0612328805131299 0.263864292083803 0.47410630553204
0.616055074506367 1.37206304547089 0.968097483811827
0.313038578863538 0.486492293502952 0.409289719425408
0.107260535245766 0.68024228949117 0.514450424809277
0.188599942674537 0.532194274623445 0.118835192720771
0.219337197532024 0.328500230395617 1.09253667460828
0.575783748950975 0.348816454232546 0.566284565264976
0.622269754676014 0.507292014057438 1.09152748825842
0.316324874779451 0.548914213535698 1.17194285762237
0.332172545842371 0.51060490558597 1.27005947563631
0.336237796305078 0.468269305561615 1.18429826415363
0.306613756079948 0.421250260995158 0.647707633580123
0.394538237056429 0.792762663064811 0.680901144517497
0.599058871440441 0.0882521579803627 0.828932005985977
0.397629073881607 0.930819491684364 1.4973032652545
0.205737114414262 0.391951220276521 0.807121291643699
0.383469147555125 0.700098492943141 0.968029396583494
0.284703588842466 0.998314973658726 0.680181910816575
0.342017604957676 0.648880253671975 0.598277423216749
0.023444851520654 0.520122678139489 0.800256788172253
0.119759329754288 0.806952005602186 1.40252139557937
0.2805636544096 1.04459516212813 0.540662985970535
0.377860709258307 0.192873627274306 0.316859913409392
0.156453671872464 0.738003113370178 1.0456702759607
0.414333424990973 0.881748861264919 0.354401254137737
0.258404607570554 0.462003908880007 1.19870912467365
0.658278686479815 0.126671017665846 0.91746290990118
0.378415413216835 0.834272516533872 1.39696722436004
0.291448839106692 0.0930363515357249 0.921556062630264
0.45539990856328 0.58065804683588 0.469273848491064
0.567417537234108 1.06983190425823 1.16224025747131
0.213349590702094 0.862856886712341 1.37887283744456
0.224078347129093 0.541340795388946 0.625669904891048
0.255827686935792 0.830470313069603 0.238785637458504
0.27662034239613 0.311481021269565 0.252611221492367
0.274036573717884 0.840577484716794 0.854750830698798
0.393003803367751 0.644442479864048 0.870450748716232
0.176305488536716 0.800393444616401 0.749625026463531
0.111267598643634 0.10830259355611 0.89144849613708
0.234705666053641 0.946957920488698 0.651131981587749
0.369570290778306 0.729793799280136 0.529802818568713
0.441907168140143 0.545007409099589 1.19399417052251
0.324232748941454 0.134240419912023 0.382611222356835
0.391811886551241 0.901542514425522 0.509206293058458
0.333941795029996 1.05908079536695 1.07140490715547
0.165809473859635 0.849703341241413 0.642731432651856
0.351756808453207 0.656597101696934 0.170569277162821
0.391005677869323 0.158532785102132 0.826488097927136
0.267220556974651 0.555550090472311 0.944685577443555
0.569485196183183 0.344779272871386 0.353529905067893
0.415913392909156 0.699552069393958 0.0932749069132522
0.418613037608118 0.848059985863078 1.102765402692
0.517024431312224 0.447239068698848 1.24593117788755
0.34678842169735 0.395044321434734 0.934447564666402
0.25393568261789 0.415908548786347 0.801773057282163
0.242781325544102 0.722170201482219 1.40273743185811
0.297211578607993 1.13133825422889 1.56225657962836
0.315122524541104 0.572905095051027 1.43613795526224
0.338537787120588 0.356364168434378 0.19418752282786
0.0703160610739351 0.464415046137404 0.676848062934548
0.365313926133819 0.784022749673159 0.944048451371542
0.0982379588266991 0.555330206338136 0.525796270867323
0.189765460594579 0.345916025825487 1.00694529652649
0.56232615040418 0.872084299447883 0.42054811481806
0.303707049171514 0.212793730464604 0.906508742582571
0.350184444777498 0.221015603080886 0.271755320569724
0.472705004747818 0.54462981179132 1.20550514907543
0.338472901484256 0.639085758856813 1.18715254158078
0.29825676501496 0.646100178983781 1.1261255005001
0.258515981797852 0.337901296602796 0.524468573122913
0.138425008147808 0.606138945601108 0.764694080163677
0.0826198276046469 0.389415078488171 1.25212327385083
0.328914884506927 0.375185841758722 1.01742214857916
0.303466300420533 0.696571725046809 1.33650218189404
0.137111340848252 0.524619430971907 0.711331362649633
0.466718627281277 0.598954036105524 0.825012283339045
0.293211642557115 0.307026670261253 0.719550970334709
0.853289056917384 0.572625026175116 1.08052071077527
0.434665966470433 0.562189394997252 0.54392002522277
0.348354046119803 0.632930118284879 0.624345847257601
0.464831370358801 0.438189997937787 1.21384967372395
0.0122047010172196 0.879153525717855 0.363770964756023
0.376057900035771 0.340481050600612 1.33192574596805
0.226561540548147 0.580544211237976 0.631602689529977
0.323858154529235 0.94311774593951 1.45242620401886
0.389354613632868 0.706789901839989 0.938032801729235
0.496033616170145 0.614049234827149 0.541616066160134
0.177512030770184 0.800211321174321 0.926106456541897
0.260348676636692 0.641105689468596 0.748295995534564
0.283390138376239 0.888818300799337 1.57631935227887
0.438325575622949 0.641562179607402 0.520480362349695
0.588058733637575 1.06650447322857 0.417002375675502
0.618210302765405 1.03694044252365 0.946265640506554
0.142597446724529 0.629175394088461 1.1695336441191
0.166919679631673 0.195484473758352 0.78540186536601
0.630152302217428 1.2777030617438 1.0298372744312
0.306233838592363 0.688417052431785 0.923008578070323
0.12554849509098 0.72761491196926 1.38848519872459
0.296347083006883 0.677490902710855 1.22927720699518
0.588455033912648 0.16079065954052 0.88401016740577
0.67362915341678 0.212073327447573 0.723290483761212
0.493644974669769 0.674001962964896 0.93424166858141
0.260057873520566 0.309568874556955 1.24588348878258
0.1704604504316 0.532439308476853 0.688387465318849
0.722867538372292 0.855732860535869 1.18787693802043
0.180642918996231 0.209504483762267 0.592864097152887
0.385797559477123 0.595949949967318 0.715795172245735
0.0983081986075595 0.831301331732547 1.5850225088147
0.33508623467792 0.431357367982115 0.0613837207403819
0.624093862230049 0.244007284796736 0.284991580886295
0.685262252757797 1.21449278254588 0.294843600261507
0.132757425714614 0.0860649993370118 0.931369890411648
0.323916041357434 0.630146205096202 0.71946908608483
0.450091039862127 0.147998959464368 1.09518559088967
0.51655706923481 0.596796820710841 0.343055737661559
0.251572361202632 0.813214550677335 1.03057218141526
0.242992152205955 0.626602535296937 0.322793565185434
0.303128068979054 0.681016378239522 1.14106464500668
0.481550200026109 0.309551580267652 0.387104364052483
0.312729864944992 0.868933495244097 1.54886784395962
0.404440898912459 0.333804473629549 1.03646390186537
0.43355238428555 0.67192769520397 1.48728887694849
0.565279191871129 0.68916834796668 1.38990438523398
0.45402950847734 0.42517021398322 0.48974621142969
0.313052876934671 0.434493886070044 0.173345135533962
0.280072704286826 1.07400203514116 1.05946158647785
0.134004428107059 0.758825902330131 0.794215050777653
0.252553095505358 0.314380192399138 0.997526091718556
0.614432635727768 0.94255953154203 1.30511470934335
0.4568149480941 0.713837683478003 1.26693665015271
0.699515465294888 0.484243639327603 0.519028750614083
0.316510360946652 1.02360093132372 0.768185158062664
0.181557615342882 0.306846957743849 1.20688900003713
0.26509365999506 0.674354456080001 0.899481543705498
0.120138392388915 0.185748407633143 0.838703091356211
0.448824550837386 0.370308059347991 0.184379763674705
0.0731832230384377 0.84232918456665 1.47596928888651
0.150162213304505 0.273266031213503 0.479339988455281
0.197937995103836 0.68237020094208 1.10696534074977
0.0657126451922033 0.57506229145954 1.45105618128503
0.0400160078579202 0.692268335238412 1.53572694977457
0.502041050970465 0.486731325432721 0.641871483961793
0.519449029750416 0.394414837196595 1.04839681139503
0.3551922864387 0.555753427792232 0.420986552462716
0.364021878323306 0.644553882052571 1.39948146029629
0.18602491257219 0.293664627511011 1.02501061011167
0.417850882691877 0.10162453482318 0.564961074437247
0.371944876190413 0.389037720315315 0.873021836395666
0.567545386836658 0.86189778534469 1.64948427540171
0.588581671649883 0.348875858974177 1.35632882510516
0.391023179661237 0.544873919320207 0.560086234214386
0.446277962249423 0.240922493895362 0.867185608284854
0.414703177861387 0.252628693293157 0.75746582313591
0.122115937808811 0.414669999628175 0.902439433961047
0.376826152541917 0.72784173090147 0.643468548043026
0.498051691868339 0.280579655505328 0.496838697523081
0.593403026224035 0.46154005662722 0.136316342111898
0.24105796890622 0.62949111614677 0.231851834902914
0.325771082513445 0.395181818727185 0.419709561788762
0.230358153951386 0.507296527816675 1.16826573327912
0.441465675557119 0.302921524870781 0.572103011996044
0.15570265383298 0.403335960209517 0.837936194167152
0.407582183465088 0.571689823400232 0.347679492576699
0.636364664943273 0.86670545192299 1.63719911752968
0.3611248754734 0.432505658913852 1.34547283402328
0.425010091362089 0.470150738786711 0.64991094604291
0.459530199193352 0.627787159383811 0.140626632620733
0.246502679598049 0.953050055743081 0.894086947813511
0.125443600289257 1.01011817180301 1.6173096552698
0.287695647688836 0.444577300139095 0.865364781169777
0.614258276942208 1.24249033410318 1.2999687924233
0.534819097666422 0.348303379908175 1.14864268323892
0.127537505397757 0.83370393576876 1.67737335954501
0.281665827374323 0.483153019776568 1.10476837955518
0.376897805933295 0.424106801839361 0.915177519063463
0.410215782397732 0.980628204749078 1.1749199718688
0.255040678129794 0.659479534795247 0.118829576168032
0.434130582375333 0.867595185272623 1.16223366012217
0.136035695073386 0.768262569776936 1.21730182667407
0.0916654683733373 0.79087250058138 1.47477650133115
0.36673280972757 0.0187017069149136 0.392692921340914
0.305719663641435 0.82287837417747 0.142838248847191
0.805939090357156 1.18773611342715 1.36213614662475
0.4972967570221 0.862772156323895 0.426907959115059
0.217567542462265 0.72089425920024 0.518447413126794
0.245895153093929 0.396660800139978 0.407796981206063
0.693447343850739 1.32191516961121 0.989354753096611
0.393629697609919 0.249463328851875 0.283750101884382
0.374392434110971 0.725906294231063 0.847460877013431
0.808224768395731 0.129975890675081 0.65876988738505
0.110472920927743 0.474623567516573 0.448352418264739
0.330729413044526 0.539234306189696 0.42490782116213
0.466041764770672 0.386992870869515 0.466418442807605
0.458516693338565 0.763503664410659 1.45439919156062
0.409868923014256 0.445747695047371 0.541595235598413
0.362452921498259 0.639723258055235 0.359024194435072
0.586282302320376 0.820696553890973 0.234348548512708
0.550966377885565 0.780458317225669 1.02815113419028
0.300651547480472 0.367624316913836 0.942372552826986
0.388970589963204 0.554338790087468 1.28406964680869
0.198423446102063 0.814847194615202 1.62024226079693
0.509588499861966 0.498652815145474 0.881356023111932
0.191521517390077 0.78147135169482 0.675550364685871
0.290308563512762 0.558841338067505 0.816515761257267
0.792604489779263 1.40085010945438 1.49386014018947
0.388942520750778 0.95485671194101 1.43570256875912
0.44120195536491 0.713006987222324 1.09712638241976
0.319297532000136 0.598954436395782 1.21372014308517
0.0611594315164353 0.857305251462094 1.40717287377889
0.224278693625645 0.725409313319183 0.483014447430135
0.070156245056379 0.608839440843009 1.03783879403652
0.429388153246604 0.62063246971424 0.621424372163335
0.278883906391186 0.875344246691028 0.985883159571913
0.373693668381829 0.597640655809231 0.760618544255977
0.301992048228668 0.429241583716772 1.06303499646993
0.388835227550916 0.637088235660645 1.05215845277051
0.236441214137557 0.91761612690693 1.72694808102152
0.187055928225687 1.13636387800663 1.85825320877281
0.319860310396868 0.827166188573433 1.14917778316317
0.113086248710382 0.896027681701476 1.65258400675937
0.378272303218886 0.619541737518736 0.662338962198786
0.36742242915917 0.303539337284318 0.729834477149606
0.267015975199994 0.315860892739975 0.92476529244939
0.620952150328375 0.594658067522225 0.812597923410313
0.361846480432752 0.587953206858013 1.1287844367158
0.522771795742625 1.18412346743559 0.954310655423903
0.489201669849544 1.15318054326187 0.593294794356095
0.428780625438759 0.22377749995557 0.804494163303398
0.368926565914125 0.527664581154434 0.559760764339942
0.257471189040062 0.46261256221508 0.776351202082143
0.266456427325657 0.747889652981222 0.240165972688968
0.29031338914548 0.455625514222973 0.322195535255366
0.404081262833851 0.442089597004862 0.631017022775125
0.389713009878681 1.07745642541746 1.594790900262
0.305292911899372 0.457734077002467 0.359740273746363
0.548731383235858 0.619133363985629 0.779080506466573
0.242946412247137 0.944517633136612 0.296016088094863
0.331115452728633 0.649002487405313 0.268713866761388
0.131627052892142 0.590965493202936 0.959110682511869
0.134793367086487 0.636435545493148 1.03790963778008
0.43879866078552 0.504797361640514 0.547185703287313
0.48844053227897 0.684665272633041 0.937602493413485
0.288183940377129 1.114264464942 1.50127915797053
0.528301142618926 0.396539851476737 0.565856088487725
0.483482763538888 0.40023155093168 1.138688691746
0.351745048116706 0.625110754603841 0.62507903381658
0.391095779734929 0.712343572950799 0.15903519291811
0.448853529657912 1.02779937223766 1.17028485392129
0.191229374423571 0.330124338421047 1.05777299391043
0.41381180734634 0.678729554910126 1.06865576708612
0.559913460406059 0.21825549502399 0.370200280096365
0.2182448720606 0.602094014568226 0.22042769552457
0.362297800091731 0.931401656780096 1.16312257018926
0.466460263468977 0.365377773050637 0.980751713613402
0.426702158074707 0.635857998066368 0.333862604698447
0.408960431772512 0.966896276291347 0.830225965946057
0.41161353748252 0.51250401269044 1.08633012488922
0.339978373306982 0.883096939909515 0.830295266689144
0.481142139677053 0.69900331766791 1.18907177091741
0.377333700128386 0.368407624925184 1.0308248670691
0.184079128223118 0.675921829978315 0.431608183976521
0.290880830321281 0.431650952194366 1.1813182032706
0.721718281298378 0.131479569914776 1.08740438869465
0.51766476162594 0.587810256855504 1.17931940685491
0.275539670882957 0.340415710574939 0.679193308871465
0.354891059295333 0.703602648079079 0.994168613756295
0.438480488212195 0.286470683755373 0.693174292371077
0.134392931613901 0.392057995952392 0.883586322484517
0.366197674589575 0.328439017313683 0.645739920280968
0.336733721973263 0.631824170341167 0.896748849151244
0.228533340290217 0.72727143036559 0.686945234575724
0.463702323095476 0.94460258213022 1.48921664315088
0.353409194461699 0.54403820159913 1.38188234504929
0.117509799114059 0.43800707286787 0.920051936008081
0.0761636545118552 0.788484435896952 0.945023421570094
0.18065276438516 0.783793640245954 1.10631644819803
0.0727593127929055 0.713176001492425 0.48097515721246
0.107572185975143 0.429935025279939 0.697360394175428
0.641772953650508 1.13891719941975 1.5366458098117
0.127587098384574 0.465092144628879 1.2842430783042
