# Fix print output for fix inp_tr1
4
4
4
4
4
4
4
4
4
4
4
4
4
4
4
4
4
4
4
4
4
6
8
10
12
15
17
19
21
23
25
27
29
31
33
35
37
39
41
43
45
47
49
50
52
54
55
57
59
60
62
63
65
66
68
70
72
74
75
77
79
81
83
85
87
89
91
93
95
97
99
101
103
105
107
109
110
112
114
116
118
120
122
124
126
128
130
132
134
136
138
140
142
144
147
149
151
153
155
157
159
162
164
166
168
170
173
175
177
179
181
184
186
188
190
193
195
197
200
202
204
207
209
212
214
217
219
221
224
226
229
232
234
237
239
242
244
247
250
253
255
258
261
264
267
270
273
276
278
281
284
288
291
294
298
301
304
307
311
315
318
322
326
330
333
337
342
346
351
355
360
366
372
378
385
