# Fix print output for fix cf3
240.820401388301
-189.375583580753
-179.345945619258
137.982278320634
37.024640491662
-82.3895069916647
-36.5074931550136
70.2252011697037
-67.0189769440638
-48.6793232585028
7.50985174634897
-49.5387219448428
52.0580347723178
-115.436722362417
-7.97621937934262
111.741233242315
107.517837794656
-131.877046538875
37.477350204986
170.798462392047
-41.3989040812436
-263.436284170347
-66.029141602259
-58.0858746033576
-51.8068930651952
178.791412357665
-66.0696173799207
-11.5478253276322
10.8823722196473
75.6702343131983
70.483717097491
-94.2134688504972
42.764974732354
85.4121057710324
23.4549885312372
-85.3926122849621
-3.22575963844183
34.7408230017389
111.446966339349
-36.786185320227
-176.630959235668
2.01775711204086
1.9301477114265
64.7815628181342
-50.1065556106602
9.80472599194144
60.6810764464284
-4.57478209906211
48.4961829075217
-75.5739789137796
-137.633418999291
-1.44447353416866
-49.5612557321071
8.49992952596792
23.8721300260991
47.9754503179788
59.1006692361713
-21.8518987622191
14.1116843268608
111.965270775057
38.4740937900909
-23.6960898874199
30.8793167293465
38.7253362800616
-7.29027746833825
-57.1960372852508
-44.7176437284227
-4.8798226019574
-92.3249246279895
-40.6832110596642
71.3592464530999
-40.7440441609014
-31.2377069780132
-118.717161214621
-125.39058987848
4.27460170106983
16.0691050330188
57.6808718809663
-46.0978189471206
-20.7079678337202
-113.641587407852
54.0939276514798
111.07945986738
-46.8617053689812
-174.007145848379
-91.5511619350901
-43.023967405962
50.4974629304221
98.4684965882485
61.5295523307967
-6.60769113238648
-70.6883713693262
-21.7083788884512
-103.878307587346
28.4513345101037
-76.878342355008
-87.4794121416582
-42.2238235382161
42.8709234830493
22.6468364428511
-49.4505244590947
181.374235456179
-49.6499427807034
-106.937957366207
-101.533469002979
14.8955389859041
-131.709612827277
35.2240927423472
-51.0860883754593
1.29021889414734
-77.5984499901075
69.3667874731
42.4195708218375
23.8338132352525
24.1168622222618
-59.9468365799901
60.4110174898368
138.154799812716
-49.4160462225123
-54.8608873924176
-22.7954647422513
94.9499456757715
9.96717829563388
14.9741882431915
-72.3658585599824
-79.7819980479942
12.1837617618329
76.4721025142863
57.3356878660742
9.76638643010155
28.5824784068161
158.667926656401
21.2820704284263
10.840231641301
70.0814442920074
-49.9573917115009
27.8313473995385
8.46262430634565
38.1436441602085
-100.066948444439
-10.7765541437903
7.49474148420422
11.3329588104738
-32.7389054097493
27.6794283562783
-15.02771557635
21.7490774532473
25.4930329633741
-9.89542309560954
1093.09327375092
-80.9015866834394
37.7397952303366
31.0735899543588
17.3093102337542
7.45584509775556
37.3582488103173
41.5708290559568
-63.9813597400246
40.8094201051642
46.8661624492126
33.9318189180493
94.8246482315107
9.590065132013
33.401823537064
-66.8322744423458
-141.427688324796
-126.683604575077
10.1963995208449
40.9266048386764
80.5262187047297
-1.89351286907102
-78.6325343529148
-70.9096950543529
-33.0589117121887
7.98522771435843
7.00604253039171
-42.296722479434
30.4219563934005
-31.4076944166181
46.1244277096274
6.03573137420023
40.6710863952703
-16.8175153095781
54.635708337549
-38.1385161384381
35.9292915442428
-70.6313835862502
-76.5535727566643
-0.790926530967409
-26.6550611992023
-32.0596010606158
116.036814296344
-79.9750553447508
-25.3798148700661
-85.9241842757712
-57.8050358105105
-7.14399051590231
57.0948255893643
-3.339676075716
-184.049429442284
-19.0678074247668
-40.4291328669457
-72.7716989384155
-14.6395834040033
53.0505866840144
-44.8473671963853
-45.3217112948508
-20.4960846606275
12.6097915129789
47.3139159658874
9.17418960788694
22.293696984014
10.5640132905238
42.2134780559779
-14.7661426445874
27.178252390534
6.98842766058873
20.3347675732741
22.9480045250526
-41.2004558654231
-52.8597631836294
40.7276221263777
-4.22387160008167
-16.8680067663866
-0.367501583896697
17.3534250647715
1.59528897580707
-50.323522809276
38.875243495689
-113.387804164118
-77.1921451865397
-15.9635756895849
-48.6237739285135
-15.2521640734234
-16.4980505516957
-8.9700449861494
12.6274669008576
21.9752571704124
-62.4212008793179
-45.6553880895256
-6.7932492454201
151.209804587654
-17.0715797535388
-66.0634958288261
-74.688279862975
30.0685392272033
-58.0507626037343
-102.643600389796
-20.982891917933
118.702858430932
11.4550386465829
-58.7495337897258
55.3826323826549
24.1183266081589
-55.6522817303952
-13.5884481457834
-21.6615101060797
41.2173375814819
19.0278761991099
58.3357758277148
-28.8019883515803
-9.45314870188721
14.3586474289467
18.1982993187643
-74.7256648070144
-70.2344814006361
23.3920259982724
6.66936790314322
42.2910371739213
-73.9894913033741
37.4606442905137
-3.93742338719043
-27.1733347563306
20.6743328919215
58.9479350789915
-0.615052339765116
11.3712768226983
89.3366011650057
-50.7359467036981
47.9748742290797
-37.9396021473961
23.6109097693777
53.7270598810781
-7.56591164300298
36.5795478530203
193.690086996902
5.10470533715944
-31.352263467217
-41.5519155828947
4.44159927938756
-19.1416313016665
-55.9535820679608
31.0326284003273
7.26746767704722
31.4116932767854
-17.1044830698537
-12.5251512480909
-9.64752899593418
-17.2851990196763
10.9211875442087
24.7029978052413
56.6767547999778
4.13530983700351
1.65902156174547
-56.9846940808647
-36.8143708109982
77.8482334592916
-39.2746092807453
8.73799558844284
3.30726914949792
37.7100856586959
9.59974177575383
-33.1792390605551
-29.4947539388054
-43.9561066592317
36.7147702406979
4.91210766843263
-2.98737305127964
-10.6655137447559
-64.0263360827106
14.3981696742588
-21.0768947750114
-36.2230850256705
-48.6643455619475
16.8306680583773
-39.3004425062803
-38.7119906065812
-11.0544285234021
67.2923191908938
-14.3007539954191
34.9527727458008
-7.79122727255411
-52.9255697735085
71.1662040545675
4.01703484293249
14.3278386572009
17.6224817650296
-68.3543343914017
10.3559142069849
-13.7868437815669
-36.2576194129136
4.96841658986424
72.1208951277209
-51.0593740370914
28.2587012357803
-11.7857884374409
-1.82996665515669
3.57058084669375
6.87287522749885
23.510899290327
-57.4429166865036
-46.4686037680543
-37.6200254157664
-20.7198215328705
-15.9046781520417
88.2310592366763
-17.2816036183753
-88.7814076626511
30.3340393035147
-73.0674675408364
31.0494867201026
-29.8473752075322
23.0000240215288
-23.0917011331765
-5.5499014034267
-2.76076266947417
9.51051176592659
-48.2388866516746
-31.4051598926492
156.613716387848
15.2613058628122
-60.5829418309064
-13.3270981002688
-16.0415132533342
-1.51769598186493
41.2900558303763
-5.24242530097311
-52.6450756584969
25.4866809844245
-14.1222536515
-12.514104675671
24.991624762389
5.8173393164923
-12.3311934046616
95.8545566108496
-37.3626888878005
24.7984907065296
-18.0251711354022
-32.305300537067
-29.576428940232
-40.7059903831394
-47.6411291143005
-14.2341193200623
2.1398918262511
12.1363939209072
23.9720318573938
13.7611961000457
-32.9716019569809
-88.3789205778298
11.0743531258811
24.2977483279144
-19.6790079899448
29.9816811591097
-16.0054152886402
29.1093755084854
41.8216830569651
71.167422002659
-12.4350894538922
20.1786243511077
-6.30489358633902
-58.1082107893825
83.5685860034786
-3.28360987111252
90.127790815831
6.58520661380788
-4.6195756703618
18.462737159816
5.3993386541412
12.973461754889
-74.4619519706748
-5.79941723846412
8.43697666901608
-22.6248277924
3.05543466358914
-21.0327103374587
73.2741823587743
-78.156284461159
114.925879683151
-138.364719062481
33.3255794132932
28.0852477876392
-53.7861518245341
-1.6091587784808
8.2677838014553
-6.24077972293458
-12.1511810622086
-11.8399396091107
5.53050228577035
77.6202350318063
-31.8469189040782
18.9854442318834
-0.890075631444724
-16.6914116747891
-109.222885493537
42.9361518487014
-26.6471751913555
-13.7972884877212
12.3505251817058
34.6476227554877
-20.5402596263615
-23.3387060643095
-51.0059529517558
13.9747126212802
-4.05433130726935
10.2029665055419
-3.77077070233542
-33.2835582553279
-12.6776750900896
-29.6684243885365
-10.6430728500656
-4.46207321163401
-37.1073512304345
5.99283324158416
8.4001782179142
-4.82982069501569
39.0968048486195
-67.5420883377448
-27.9434315068711
4.22109722399564
-14.2622260907165
-30.5209141593787
-48.8592767514184
43.5886926639458
59.6997573818806
-51.6653706759568
55.1206642972614
21.6385162274414
-88.4684010682513
11.856946659453
-7.45282851599625
18.603665029566
18.0961137158551
22.0085754980595
55.3910880126972
-92.8148535461618
3.39487565766099
-6.98532065768604
-64.8154333503535
-5.04244833762339
-43.5418782954584
23.5897186698304
-51.1034773110922
36.5380023105468
-1.00917058589941
37.3375306913339
7.18690256010436
15.6758194367966
-12.1966167110525
22.5224837861135
-28.8202556889478
65.1375958367289
6.01727345719532
-76.7418264071106
4.24362149709466
8.86299270388565
3.9144071448095
-29.1160215925798
1.36694026417164
-67.5411111792928
2.97140431667622
5.54926294260064
10.6315388807246
46.8948355285384
-38.8952958910762
-21.6091893221728
-54.0437206998202
25.0847146084155
26.3377559505275
-7.10792552152586
8.52985099292005
52.7752261462076
57.0360565765043
16.6263266525618
-8.43228284786285
9.68326353513987
31.0074692406806
-41.3651849875364
13.7435713495013
-8.84085329696625
31.894429758372
62.3205769287555
32.1153795991918
-22.5261818865893
-22.2304801962511
-42.3264452982222
-2.074816870878
-7.5296525143283
6.52431892925012
-18.1811192894281
21.1866113436427
-55.66291515426
-32.2730664060295
26.3769445157853
-48.2597179679748
1.38537026507938
18.3507418702376
13.2619514566325
-5.02613308557531
57.7672674804674
35.781896055787
0.126801555938414
-0.423403984421894
-10.6269901156589
-38.0623673168149
35.775747608502
14.6332628333083
16.0645464502795
0.478687997890988
-82.6752484425641
18.5700430280586
13.8561363191138
58.2176920863786
0.593118390097692
20.3072652842238
-5.83500664307419
57.3576284777664
1.96070837252245
6.48579554219758
44.5856543897128
17.781030121415
6.13493672360429
-43.4292604123656
-13.1756388836774
-36.9637547203798
0.718091134612436
0.0144533479348681
-78.982441497683
4.19768466919695
-11.8740051481578
43.6662021790544
41.6858547529459
11.7610997504183
-10.8992467855512
-55.6782234512447
39.9099451544163
-16.8934376246808
-161.877226446478
50.2339170726462
19.5498324812442
25.1977381425851
87.8836917401062
-57.6550827500795
-45.4533197849629
-5.1852369051955
-28.5287358398018
-46.9914779523105
-36.5666330828946
20.0384705524995
58.7476751067732
5.51984993355102
-17.2329926717282
-29.4806712733771
-57.7065289430199
50.3110570576163
12.1953809023486
0.526289442410128
-20.2173940922472
-13.7244245565462
-62.8568495005864
-24.1690352996413
-8.82575580256872
-20.2394205001887
-7.55461938538128
-4.35831358110382
-66.2983479553039
-4.54250869813267
30.0426498406973
79.9995364173256
-19.9787211958615
45.4133208618805
-1.45780310006044
78.2984183548064
3.33850963830382
13.9143557306268
-42.1982878084022
-49.6567874397569
34.3707608223637
-63.0982301022358
2.37703530843027
-28.0680205584261
-12.059889336356
-90.0575058280011
48.7748204609303
-10.1051842466943
41.8230141771734
6.00684384003502
-8.88910986462567
-20.2037658311388
-14.8886845737497
61.6279344019645
-11.3216825076687
-30.6604371425194
-38.2595899518359
52.4832209704486
-25.7369602313839
29.2858199816435
-9.52499397801212
-39.866083544737
-48.2692552852574
10.8259063329142
-70.1519217870383
-42.4979860657485
49.2881598262614
-79.0241188153129
-60.8788045644705
9.56825414349219
-14.6586915024768
20.1860368272713
5.60868581597075
-10.7787665878243
-26.3070268299514
16.9793375262486
54.2924246685596
70.67741293499
21.7027795795037
49.0321762336505
-97.1962277578118
-38.1697939903723
41.4510163343932
14.4320169927922
8.33471851377334
-67.9400792372996
-16.6706483976091
43.8781543550748
-10.4745689015762
-83.5339225271622
-36.21321501333
-3.11134574516155
-13.0076867402345
9.53971079028337
-12.3693347405599
-10.0045446321574
-14.9986234701426
11.8969934338265
-11.388811874668
-4.70511129442187
24.4889749345095
-11.5814246689511
10.6089994961048
-9.1234434020429
-10.0749258017492
14.6843062464364
-20.4447589959844
18.0738319861245
-47.0810283894712
-32.2319051256334
34.8664902686988
14.5665436715382
-1.04151981192442
-4.67861277934929
14.2843651241056
-17.4865280583871
-32.2158134337888
22.0555833769015
20.2686375198438
52.7110910147099
-41.4476301685769
-16.4492440014641
30.6975241252007
-27.0405540158144
-149.739649180234
0.244726246359329
-30.4909632783374
14.4093118009326
26.5316127177237
-84.6949562185484
37.3302637800387
12.7501007373299
-35.6852062846042
-6.71780340414152
1.81973867885062
43.223516831687
-11.6845253689314
57.8754714363752
-28.1790817598264
6.9562310927634
-35.5073568508662
-20.4071105306419
27.1965454925409
5.82936840941869
79.6549173461807
-12.9310607070069
-6.85574874297864
-17.156189263321
-12.5433978696561
-43.6567085922929
46.7816797256615
6.68237406470535
-40.1787140430038
31.2096358977601
-23.8299997600003
40.1948517158632
18.8250841202881
-19.029264671383
5.89096464824301
-2.02063696564029
-2.28850376735242
-99.6847255804851
-5.90085905880682
-5.5029259683992
-4.40356030836299
7.97822814576687
64.459409075987
-68.1072724179525
39.5504051890871
-5.64169010638057
49.4402238348513
-37.8149312533392
20.5556501882659
-23.8852201312332
-40.5880732668703
7.37954013571206
-16.1816122958748
-24.9952055469956
-57.6486592069017
-12.2379779229419
27.2236964800325
46.257077214488
-0.72323088088965
79.3385829379866
-20.2916463765478
5.66627229279373
19.9732893921996
-2.08585881351234
-12.6380853990833
7.94584112190061
-27.2797277507385
91.8898428013075
-11.124205461621
51.1185876151054
-5.13808993033398
28.998086291854
-30.1298849046283
-70.8645531917744
36.4566996792771
-3.89117258294914
-18.8204596512664
-25.7975028699578
-3.29591541815297
27.3121372906025
-11.3606295498428
-30.52559766559
-66.5655033010781
27.7248077386124
4.43662324849557
46.369494601213
-156.320433588227
-11.5768914562963
-74.8126137015603
-28.5245175442718
-6.28253727596758
-156.131420129776
26.3749121069976
-44.920009636682
35.8256936760343
28.0192300194686
26.6020403304767
38.620141364702
42.7068039181079
-13.6348448734398
24.4129678050834
-4.42583909796011
41.9437921241869
16.4289150212422
3.93483549593406
-21.5716675920702
-20.2186470586285
-31.6329290778177
78.3152112808203
-19.0054593798256
-2.69277445811936
26.8570507805779
5.17362087778336
55.0259207872249
-40.0026511126324
0.206525386239121
9.27262077132051
-34.8473144056983
-28.1819656602877
24.1669314228624
45.1365874506174
26.8849225946706
2.97555403456962
39.4621863692749
109.458949240003
-20.0917597376054
87.7967714532668
89.2062437295524
-116.621550780594
-2.21519780652622
20.0093786073966
27.2967409482748
-1.38041863130977
-17.7588065017109
-0.527918984266076
26.5821664964645
10.0336168680721
-25.5230639361295
35.9883652449686
-47.740947636386
19.3291846862434
-5.72109820774725
-1.77700638635735
51.4919065693672
6.81138623696942
-31.3560893570379
1.15447493831509
-27.4069501558872
18.3588983979244
-75.8416092310433
5.67932931026531
-10.1812084806268
0.691948321367253
1.22057629069357
10.6381739604726
-16.3516552429829
-20.9319095877733
36.8672277716085
7.83223297682803
-22.9141508499625
67.7621767883774
2.31520799860119
1.69764353424476
-27.683056569167
8.95348924983664
29.4684614498301
6.62134024413691
-50.9989381405241
-25.6275430128051
2.31479716308359
18.3439167442788
50.5464399577699
-81.4324022305659
53.4398991511499
159.843062263212
-18.2455406603467
78.0294133008697
-27.7791256472921
10.2524717812549
-51.130540591738
3.4414619608416
22.4002249759012
38.9098970807175
-25.6327776831125
-2.60184164763148
-47.7445800577955
7.93394531660084
13.522400620134
8.77986583861648
-0.355926854602013
7.10064415951411
-11.4655085383066
3.90280050284986
37.1368754265945
-43.0352089948223
-9.91286458766352
7.46601625889078
50.8196611320721
27.3476425122012
35.9917454475471
24.5084461188441
-8.85925326657683
23.9435690310488
18.0224738651616
11.2242607627902
9.56844078230082
36.1378375903169
-96.3247003255245
0.701900764224891
23.3304576081255
-19.7125687864931
-2.66609439162853
-9.11132812653958
-18.1069008392317
-73.4021417571622
6.36614992406667
57.4344357880348
-13.7609030524324
7.8100406750893
-14.3199018254557
6.05689456130577
-32.6017810140094
12.6483113757918
-1.76607453966053
-7.03301127331705
79.4921217918451
22.9023280496885
-37.8838452648138
47.172298932614
4.21904169519139
63.6017394429864
-18.9165852862783
0.928555292154634
-58.8574583174806
14.1797813368552
66.8250196260396
-36.5918269863303
22.1015413678738
41.8842540372271
21.3427259178715
38.4505901195607
-44.3014729365137
7.57498187033534
-26.0828715436766
-108.449749912352
7.88863519670319
-17.5861545899862
-25.0864122985923
-9.7966796260484
-5.06273825828205
28.5275764702766
-4.49656164561868
4.0433432842192
-9.96984698188019
-15.2886914542703
11.5762344063505
-6.29334190644113
-14.3413941195303
18.3725816688554
-12.5598137923695
28.1061386489852
17.3762502435817
-2.88688254694414
12.2153979258268
11.0235528382056
-13.1510910396468
83.5968498080363
16.9962007040415
25.3635610755721
-67.1417551667978
0.0242808666563867
14.2719543344105
-1.27794302270644
81.6877011346479
-9.77042872591935
19.4044144964195
-72.8392198916743
-9.99719053209223
-14.6039707074955
3.06446124548035
6.44311284363459
34.9630716992248
23.9174927326396
46.454289883943
30.5786664864745
-12.248860005557
2.07992373232501
46.2867251820658
-27.1052605920664
-19.6866132309654
3.06681452714317
4.43250335646996
42.562983122668
35.5652440478153
-18.5799502407053
21.9255696879783
-4.92187702782735
10.1288927049752
70.522369406415
32.8864435576541
-17.4345349812826
48.025463373196
-50.7149675542785
58.3793656643315
136.111940319791
32.6039467377359
12.5737255852957
8.03246432975013
-16.9003985451602
-57.9837723067324
-53.2781742002318
7.46265578015493
-28.5287075047981
-11.1715908349113
-22.6422356685843
-3.83164105030913
-46.4593725376789
-11.8033126600203
2.7029234032635
-34.5720280238506
-0.8321544125614
-11.6971205958634
-18.468947118151
-30.7417046916636
32.0293228652165
-25.5605813513319
-24.9660262200597
