# Fix print output for fix cv3
117.220931497237
127.958272064255
-17.6657179929507
-29.2564013635951
58.1309660747742
22.6884704781784
-14.7891159022613
34.2820986121313
9.06051594816501
39.9493821437031
32.9770323258069
-9.10256006463538
37.1811634466459
47.9360037149375
-43.8470802603467
-21.8949561373652
82.4301758963008
26.0528592526631
14.5121636954802
1.13263386563768
43.4258418165158
55.0513270583455
23.2448268452815
1.04108644032068
16.3776192923426
49.7012054387925
19.0298363566747
-17.5184331435896
21.6766203016152
24.8653677257369
-2.21286317680794
38.8697595979167
39.2987656508314
38.0562269138834
64.7011316767682
47.7579708435673
32.6626146728457
11.7804872065217
3.74234326494449
10.6499826584756
44.7291036937229
8.60476255065283
30.0193571589444
19.8287819925939
13.8781763353641
24.9152972520843
37.2008464443503
32.5370617260114
42.0166682956563
33.1517784337861
21.1738904041145
40.5889162953111
62.4207620710731
37.2586177983969
7.07745856833544
38.3213852164764
55.7917253142964
50.9292268697845
6.95808217510776
35.2443330764643
23.4387447970278
23.1645594986574
16.7075989806097
-3.25722038470302
15.3936363116993
3.82589344368187
-0.468031407723423
13.3233732125034
-8.80718349291076
-18.4292759360159
-7.74594155386716
29.4017319199575
32.9897600735488
5.22898394293959
-6.81298921879656
13.6126570506152
25.7724404187421
-15.5709590225992
-7.71967226130213
45.5911621683552
16.1501720328081
-33.5028806616861
20.2702964707072
20.8486782205516
23.358300704949
1.65751733690657
4.47672911634336
7.59860472879904
8.64981476999679
-5.42801339633415
11.0308807317959
12.3323672042942
-28.9096218434521
-42.933132518883
10.7422999084103
20.838664352516
10.694786896761
-16.8623378885048
6.49759065942309
7.778550692482
-2.14204066141332
-19.4043986868228
1.40410054148634
8.53222945017734
41.5648462273172
14.3056304145164
-19.4141623843471
-0.843328096075974
10.9801621662425
1.09845271239968
-2.2028363620777
-14.8431449625211
11.9845492162617
-11.0619919504302
19.7765074621003
38.4377074394232
14.7124900150401
-14.0179159605431
17.8240483805632
20.6852311863466
23.8332055299924
11.2243161659006
26.8517023080974
19.2680644969085
18.3870995580956
-16.2948798965725
-23.4817220405759
20.0746696081831
36.709531544495
23.8710492052426
5.7094276661529
11.9246709257898
12.776813022089
18.7732120435907
15.468005897296
13.1826730335396
-1.1246948005848
23.8158505869964
37.7621122914308
41.6244121458521
46.0871952957616
28.6087637843539
15.8828802514597
2.24256290538187
35.008050606548
74.0351830310467
18.6368989826555
11.5226209367421
-2.34168676333756
14.8500235976912
42.2565512955085
29.3331444164856
13.1366366884159
15.227768247588
19.3885125038666
42.8593717133459
38.6672186296988
14.0600946979571
20.2337344537464
59.6762985445416
24.8183975911568
-4.5451031265641
5.3753881521375
28.1730572528441
29.5942584218258
40.3618069949677
5.52804071990936
-16.8070109705866
12.4054114310435
30.3739248465635
55.4147321438262
62.840751824522
23.0870360267953
31.6921937833429
54.9555948703579
49.9077714248817
39.3593546422354
22.7655833508048
16.7306049745714
54.582455344989
42.7869121407737
31.2648084915649
16.3272330006749
10.2466938750226
38.4237446872756
57.8946682245699
38.1091844761861
18.4340128992869
-4.00013048489007
17.181191452556
31.2989531630228
44.6418121620979
42.4721244854476
19.5747047523327
34.1913991521326
25.3473673483944
27.3344577907557
35.5697659984994
24.1263771462881
26.3145243426124
49.6525277952528
59.5726264920734
37.3853714039446
13.228893335863
14.9617985064103
29.0442284119231
19.5600197510431
-1.84094872507063
-10.5329717779748
16.7363860753664
21.8094847417399
4.59317237242802
20.7151482026722
-6.80543896427709
16.0309547623444
5.24038899420115
32.0666140536992
22.1391027842272
54.3732827310384
22.510708953913
-0.0564077391070915
8.04413007541425
-3.31022792160193
16.4026084737222
36.5020864074944
19.1092173000744
21.7128184954248
9.53629370801994
23.3503453956279
31.8915182358175
22.2465924062637
29.9486293004088
11.0429499903465
10.5417514459276
21.2637689468987
36.9461878876933
42.7621942165623
50.5488996585365
28.8997377618453
8.26202236990128
-14.9890599837124
22.6438257765905
51.2706307279481
41.1605915937569
26.4365028928485
47.545901216249
35.5091322816982
16.9358551774803
-3.89587347615113
11.8671388630241
17.9054393103858
36.5945530484301
64.3812953403663
48.4731402181217
44.2593614193252
40.286228573621
21.8647675383764
7.12359222217183
-0.772863268037999
7.29514104152274
24.5410879720308
14.1690816085611
12.9802517741001
39.8591841304187
44.296700909323
24.2676013913891
6.14913024920638
32.6588126350147
40.310407594065
22.4402092231727
40.4687906182359
24.6807059078327
17.9069090879321
16.2689038635897
30.9349570164287
10.6299435133167
24.6895988878296
25.4184006833602
56.3637341969778
39.181686300622
44.5388414030283
29.0627958133577
27.1593548095321
22.4957671666008
1.40148203911046
17.9171784777598
40.5055313956981
42.0643548452886
20.8600878787598
24.1648354144085
11.6327190788446
20.0262182994208
27.090451008367
41.1620787795651
33.1808004735833
38.8531338225202
40.4357179058534
16.1810495959161
0.479222575153987
-4.49907919553854
-16.7501701558661
14.3700144650631
42.0964599785262
63.1626137319273
36.4446776984941
18.6388366115876
1.09777044158111
11.4921101718336
-16.7155328278714
-6.22383160484525
33.6847906959659
48.5736067015632
50.1643446689444
37.2512455803846
34.1569250122127
28.3483077025643
3.6684178249316
-17.1435846662853
1.14434944269707
22.5533904842292
36.0624666885024
26.9738161699985
51.1839433587807
38.6538448252622
24.0904694021983
13.260849615763
20.8119397338503
25.2053216960179
12.7709007827632
36.4125078163455
7.46109581853126
-6.59470466273649
-0.297283477194192
11.6152799985738
21.0855841491077
21.8831277205897
34.356645738015
8.06685660839281
-2.16921822078512
1.80271042867917
12.4986213086266
3.40364110015968
1.61058736329306
15.6343722014526
24.7735763197901
16.3123074263293
15.1101841702602
20.2808734554837
26.8955420773745
29.4101419073502
13.3502115410466
9.16236876537738
25.7031660543489
22.0985938905507
37.495563962785
16.043057715646
23.2704944472537
16.7640018065849
19.6783197560691
-0.499811506614923
9.87243272890506
2.66655867292656
27.6018285368597
32.5760969212439
-0.0612929273533517
2.49041212435515
10.1447958657851
1.14037784330659
-2.48822467282485
-14.7784387053944
6.25142322491438
20.5979303191611
25.236449020213
7.63742696743661
-31.8455994460745
-32.0818664545911
-15.961057446843
-2.46272682491058
8.92875906722954
-3.28705456963348
1.10266905257192
0.907730975479839
-11.7295655523139
2.13363917178575
-14.821545461751
-2.35027343951801
37.3570076920965
28.8764956784277
35.5909666964852
1.30372536120476
-6.44497369577709
-2.31693520293916
-16.6841547823449
-14.761892535309
8.03224747973208
-8.86926263307369
5.56517914091643
18.6315014867552
-9.6952934095163
-1.80632432282164
-13.4110559243678
-0.482114493319122
6.38302158407928
2.76295677270138
2.59474166907437
6.10670266384223
17.7375050083224
5.02299364510454
17.9279756594369
19.6266884688316
6.17485472617288
-10.1582795063768
-26.5996188345821
-26.535785620018
-6.92185799984104
3.62275555893513
2.51745635347058
12.3108369150639
-4.93481756984157
6.94499225593265
13.3578505767709
-6.58620530779873
-4.11831547541308
-8.10097288339341
-23.4585981956492
2.88920991832721
-4.4702659978235
-22.4234796315639
6.46215863972202
-4.52685630613722
0.633748469148461
18.0974723115762
4.04390637498994
0.547854251885208
-6.1155340570607
-19.5280815350712
-18.1034737754976
13.4300673919124
25.6455162609261
-8.23338459545113
14.4666297745214
14.249964903219
18.9273640841263
23.392634925855
-3.55269739899868
-10.8584746414101
-3.7262499386203
-0.774986936282283
-0.394573555787666
6.9605104927151
11.4629916344743
-4.11458071831057
-13.5904600198964
-1.96948884205529
4.36476378708533
14.8498008031645
4.25138404845179
-9.07220904113436
14.6070167378659
22.7329804469969
23.3486461771102
0.0412026086335298
-7.0376609407476
20.184639011327
-8.20992869945425
25.6934945173005
20.5352059255677
27.4833357423642
17.4041726319622
18.742840396982
27.131569679904
10.6776627291555
14.5760556603417
15.0356397833766
14.0679352276039
-8.20778454306918
-2.25308492193132
1.47613610573273
8.30567711313189
9.06003739307885
10.4430379169964
10.268361722263
14.528490384847
28.848446826977
8.48302911422014
-2.57456375744937
6.67700761434787
-2.28507790052223
21.4117460806603
21.6083622735061
33.5690583327444
13.5454568879131
5.39036788995745
13.2559477909791
18.3545479343363
36.4688141379348
40.8358825224655
33.3953568494367
33.6049449648338
24.004738177831
16.8582317919827
12.7266934141505
12.2270631989072
18.5174335217973
18.7343419326323
28.8590124208568
19.8030435351604
30.1775551208974
25.8072170486822
28.9812375886868
28.58941772481
30.3058573341236
18.2549468406515
-13.2426200189603
-30.9911352354802
-11.3881884848204
-19.1460771829219
11.551391295622
42.7485713075113
36.8297706521137
39.7643444542635
24.0036476300617
24.3773323409443
5.58415572712787
-2.87415260144599
10.5209346320473
11.3483249550396
16.2435867559354
18.0819029288291
-13.6721675990427
-8.41246073081721
6.18224799224886
29.3581691128451
20.4908199384793
16.3607419554571
3.56272060693932
3.01789073514935
-6.8502844103483
13.2699955484483
1.74917873078061
22.6321065082081
17.355709554472
8.75385551287367
-3.49221702187038
4.3439799925676
-30.9123236509575
6.7484026487058
23.1717349657621
39.665553407755
44.6536282685696
35.3514033746939
0.918061734994695
-7.11865210033907
-9.23222868525119
10.9792647361719
7.84340230283515
4.58959962652249
2.22839362761299
6.82440274343727
-4.98711228852655
17.849928087633
8.38913694447306
8.29509866260856
-20.9703567521858
-31.573332409013
-19.1334280021403
-9.27705076553022
-12.5866242942154
-7.75546308696708
20.3675035830568
22.5007658099776
9.75707008479026
10.3114151531909
10.5658271346199
4.78071696842324
7.31449675231875
-1.97048605829484
2.02989399671568
-1.82551568611453
11.4411103375628
31.3297033877964
30.3421185562145
37.5432355948059
25.6191839580936
2.06416930343891
17.7326832477089
-3.59115026982497
-33.3179710824519
-37.1196560501182
-15.6658958214935
9.27963347793175
23.9886838551435
28.2849229964469
42.2497494916934
32.6569249641886
6.67419562406415
12.8444357867282
12.2843898715052
18.7645252397934
6.32287617248887
-24.9385717711153
-16.4146063544793
-4.52739986270889
-2.07994694148785
23.1390355214686
52.1036093375906
43.4790557731109
43.7638765358806
14.1688577166079
-14.3260832193448
-7.66036407389305
5.29532858968792
-0.807576834216278
12.3574077661841
21.5782676197721
21.504921830855
11.1649364220099
25.8933676194968
14.7554892334316
45.6473099087721
12.8597679890005
13.1040737957463
12.3988824605333
18.2595468006582
13.2508370930235
1.01992643579526
29.9946791366023
29.4692982767706
16.6600709230011
30.8552464668681
24.1087641929583
23.8365359312102
8.18685639064739
7.04656162052313
0.39513699334418
15.1602401972815
-5.43921338483452
-9.69821179831195
19.292807722245
21.0438457978265
37.4314114129222
36.6803556870037
-6.49651621425038
8.9653692637558
2.16311072388868
4.69972122780331
1.10762081867383
-8.50288720423841
-5.75065127929434
2.38170834528092
14.3733073844226
21.240646120631
10.0378503301049
6.17759155940645
-17.2355119751078
-13.1981753601853
-0.595717042816153
7.80641281518745
5.79047141313748
27.9708615898858
10.7784759891305
14.3091005708687
12.3640291476929
13.112534619409
10.6764152386451
23.0736087040429
8.53175554203774
-5.84970078847208
-13.7011710498989
-1.98131839289463
2.9989055643859
-4.55357806125957
12.199177648313
16.2366564530996
37.8512862881806
2.96721481580569
10.0591857822987
-11.2416664566983
-16.9352638296605
-18.8258863134233
-20.018725473105
-6.54327454689856
-0.302679890346139
12.0099724781763
22.8758146549666
2.75194150224172
17.9952030251151
29.0458900613272
33.1857930501546
29.3092387918817
10.5318916427025
10.2503052859537
12.4362870592516
-3.6141302482148
-4.35822714706394
-10.0071132522668
-13.6151738825033
-23.050083458249
-6.17089374411281
18.2399071101175
38.2480003532451
55.4951495276655
39.4063118138781
47.4477777648469
43.1128701222859
38.5599442222871
15.5073783699305
9.53101938914388
15.0255884570928
9.69404653189822
2.7022017824363
9.60709065712575
14.4927215971271
38.7933398554026
32.0964556078565
39.2074787724002
22.9351311709165
23.2059534783309
28.0215586542312
19.9390479427407
6.72714349614215
15.365328888755
20.7627184011248
41.8319282663085
18.3305606087389
8.32461439776385
2.28201920679504
-14.840796890218
-11.1646096287351
-22.2268252133262
-6.20987024412165
11.1965759973586
51.0570833339318
53.511423525432
44.4384489355012
15.4922724105997
14.0996435114037
12.0865984944469
4.48051298592813
-4.73657442974749
-26.802249553881
-11.6682949718456
-2.85846470253589
-3.51493476285159
-0.583446613917844
21.7986920358262
22.6735209793679
9.70230605296809
8.34455874434461
-15.8540780492999
12.9127893983057
-4.14481734889384
0.690354211218943
-3.19916872993519
-3.49690452036109
4.34531156080577
10.1272594669291
17.7787008785069
27.8101451244779
39.1175875509163
23.101980409117
11.9428875221785
15.274730180841
-8.10373451140574
-14.7656517531929
-24.622179120878
-20.9908089555354
2.81090461708196
6.47489997420122
-9.56833807309483
17.2326316464066
15.2965774246832
42.2163085682133
35.1983090205042
14.7531897355701
29.5842498112082
22.6771516326214
21.7150947075627
13.6230837883437
23.3043721004083
21.7578402890678
36.1705038844241
18.9617571509025
0.0222898905291267
8.36975662622565
14.3091736936935
4.85759633850397
-0.523791749229954
12.5500860089601
17.0320173932764
26.8489117584916
17.4720443217528
21.3081133406021
-3.6713725956961
2.53565577639335
7.60414638766314
13.9827035203543
25.9492334939668
28.3634391562983
7.52048506584694
1.68090729985759
5.94288529053663
2.14247128972826
-15.281864236899
-25.3036510402418
-13.9614646456585
-10.8196432179779
8.57516365566365
12.8026402218853
11.3212846918359
21.7463021138501
-2.01604843503775
24.8024297584522
6.40763617445916
-4.43915711889698
-5.23140278710161
-7.0013881757238
-7.05164430556761
16.1370611175469
12.2196434756494
21.4882205274387
6.81301326559521
1.41972780153651
5.79414545715068
-2.51749652298721
6.21109412543926
8.93347922500287
0.971198557907273
-24.5729497015536
-23.1941585745371
-10.2050427556831
-12.6820352468488
-18.2312528291644
-5.00113740641633
9.29702087044412
-1.52808195560068
3.73865707807222
4.29659395090891
32.4754102538248
-2.57841174172628
-18.7181023941763
-7.55474033732898
2.86200463156183
16.1973579802208
16.4099318886242
14.8657527750288
-1.75267093397262
-3.08237449576926
8.59704717451434
-0.31369044593165
-21.3578311567605
-10.3706980036444
9.29607220728687
27.8184835491399
5.73186898206497
2.0876776877676
2.61024884774783
-9.23028385017201
13.3399078511824
13.197398147633
5.46228255423476
14.9640163258597
5.5663196106571
2.5477222437015
-31.9233265411924
-19.1081770302883
-9.99807886130514
-10.8447571386881
-12.3862970791916
-18.1335282314393
7.38159065271342
9.00121461604632
6.89243775669319
5.17615907524101
15.4475501252672
13.452208775334
0.273313954017882
-0.981394223405629
-13.4082689091741
-5.35853306155867
-15.1324757722668
-15.9164645073672
-22.1872181209897
-28.7618406343157
-22.5693217815333
-21.2647700945061
2.09826994595194
13.2828187420601
1.69158553806687
-0.595080615737569
-13.3202991665024
-15.8172688705123
-6.12774248605153
-18.1509118580788
-4.31431555734532
1.72455905794254
-17.5039330152694
5.13090296380856
-22.3497167219572
-20.114642042629
-21.4091514146338
-27.9307948788627
-27.0867720716155
-24.140056862068
-28.8788925370943
-22.9120823650506
-22.5467275636084
-11.0105536967995
-8.84522917398693
-15.0692789936723
-1.40200375232577
-8.13443811694273
-8.85022164536911
-23.7791628482035
-19.3022984308189
-16.4556216144115
-9.74874942022256
-7.67150672084805
-15.3161325317152
-12.0322953461314
1.56876546445896
-5.48905683396939
-6.02604848056886
3.10796031470019
-16.5460538527364
4.10480531759784
-5.70370204713423
8.68315925838032
14.7167740670331
7.45486993284466
10.5805340970528
19.5750221217589
24.0486715911501
2.90975857688611
-1.10723887901312
-0.430122985011136
-8.3274791426746
-6.96317024563762
-3.12538542512699
-8.16582615743574
2.82646231752966
-8.72173769529461
8.66884727639845
-10.9307014539867
-6.6111943823965
16.68078637231
13.1565678946116
20.3311039302104
16.3530563385353
20.6655863140919
27.2929480658699
37.0468837305005
38.5652578606061
39.2093759520394
9.39603977426223
2.58079584520182
2.29074971144955
12.577888896362
27.7639784329789
27.338162533824
31.6717459584632
25.901207622283
43.2595347645863
41.0301213343013
37.4342938521544
38.8824899700825
48.2628069767972
45.5246915098463
34.4479279802127
17.9743556352236
19.0942530577814
22.211525023268
31.008152670438
13.06074829723
10.888900923262
3.35374682590077
-20.8228984988856
0.805027193371473
13.1569089445172
7.41174012684403
0.295825493827604
23.4577100045182
47.2962074739903
45.8413973516528
43.9895379845457
35.1183773114094
33.1687774185062
2.22558040315704
25.4073614409911
10.6408558453518
13.4775704696856
15.3240435528611
5.94406764309697
4.92736793407631
12.7297584988701
0.6122200604725
29.4066672697536
41.0048939078505
39.9857548557304
38.4544975872483
26.9154162879988
10.615026072832
10.677831168994
1.24958979153582
-4.95568095302418
-15.7652780531436
2.91632584619992
13.07196988394
5.29083191610434
35.9487614121712
29.2235221037308
35.4850046679682
37.6257483920146
46.4994349678043
38.4802161805758
38.9523595362667
43.3130974335893
20.0113227689911
29.7224776085906
10.4805723322369
-12.6568543205914
-1.0950943320044
2.37444382027749
-3.81158225710951
16.7595801960557
18.1986293655075
7.87679447807917
14.0034420091974
17.6357912295659
2.04141280134295
-7.29758794474094
-4.10156039821725
-0.721708058895115
-7.49939939387182
-4.383333646567
-4.8070822634371
-2.23845316885672
