# Fix print output for fix pa1
391
388
387
385
382
381
380
379
378
376
375
375
375
375
374
374
373
373
372
370
368
367
366
365
364
364
363
363
363
363
363
362
361
359
358
357
356
355
354
354
353
352
351
350
349
349
348
346
345
343
342
341
340
339
338
337
336
334
334
333
332
331
331
332
331
331
332
331
331
331
330
330
330
329
329
328
327
326
326
325
324
323
322
321
321
321
319
320
320
319
319
319
319
319
319
318
318
318
318
319
319
319
318
317
316
315
315
315
315
314
314
313
313
312
311
310
309
308
308
307
306
306
305
304
303
303
302
301
301
301
301
300
299
298
297
297
296
296
295
294
293
293
291
291
290
290
290
289
288
289
288
289
289
288
288
287
285
285
284
283
284
283
283
283
283
282
283
282
282
281
280
279
277
277
276
275
274
274
273
272
270
270
269
268
268
269
268
268
267
266
265
265
264
263
263
262
261
260
259
258
258
257
256
255
254
254
254
254
254
254
254
254
254
254
253
252
251
250
249
248
247
247
247
248
247
247
247
246
246
245
245
244
244
243
243
243
242
241
241
240
239
239
238
237
237
237
236
235
235
234
233
232
231
231
231
230
229
229
228
229
228
228
228
227
227
227
226
226
226
226
226
225
226
226
226
226
226
226
225
226
225
225
225
224
225
225
224
224
223
223
223
222
221
221
220
220
219
218
218
218
218
218
217
217
216
215
215
215
214
214
213
212
211
210
209
208
207
207
206
206
207
206
206
205
205
204
204
203
203
203
203
204
203
203
204
203
203
202
202
202
202
202
203
202
202
201
200
200
199
199
199
198
198
197
197
196
196
195
195
194
194
194
194
194
194
194
193
194
193
193
193
192
191
191
190
190
191
191
190
190
190
190
189
188
189
188
187
187
187
186
187
186
185
186
185
185
186
186
186
185
185
185
185
185
185
184
183
183
182
181
181
182
182
182
182
181
181
181
180
181
180
179
177
177
177
178
177
178
177
178
177
176
176
176
175
175
174
174
173
173
174
174
173
173
172
171
171
170
170
169
169
169
169
169
168
167
166
166
165
164
164
163
162
162
161
162
161
161
161
161
161
160
160
160
160
159
160
160
159
160
159
160
159
159
158
158
159
159
159
159
158
157
156
156
155
154
153
152
151
151
151
152
151
150
149
149
148
148
147
147
146
145
145
145
145
145
145
144
144
144
145
144
144
143
143
144
143
143
143
143
142
142
143
143
142
143
142
141
141
141
141
141
141
141
140
141
141
140
140
139
139
138
138
138
137
136
136
136
135
135
135
134
135
135
134
135
135
135
135
134
134
134
133
133
132
131
130
129
129
130
129
129
128
128
128
127
127
126
127
126
126
126
127
126
126
125
125
126
126
125
125
125
124
125
125
124
125
125
124
125
125
124
124
123
123
123
122
122
122
122
121
120
120
120
119
120
120
119
119
120
119
118
119
118
118
118
119
119
118
118
118
117
118
118
117
118
118
117
117
117
118
118
118
117
118
118
117
117
117
117
116
116
115
115
116
115
114
114
114
114
113
114
113
113
112
112
113
112
113
113
113
113
112
111
110
110
111
110
109
108
109
109
108
108
108
108
109
108
109
108
108
108
107
106
106
105
104
103
103
102
103
102
103
102
102
103
102
103
102
102
101
101
101
100
100
101
101
101
101
101
101
101
100
100
101
101
101
100
100
99
99
99
98
98
98
99
99
98
98
98
97
97
98
98
98
98
98
98
97
97
96
97
97
96
96
97
97
97
96
97
97
97
97
96
95
95
94
93
92
92
91
92
91
91
92
92
91
91
91
92
92
92
92
91
91
91
91
91
91
91
91
91
90
90
91
91
91
91
90
91
90
91
91
90
90
91
91
91
91
91
90
90
90
89
89
89
90
90
90
90
89
89
89
90
89
90
90
90
90
89
89
89
88
88
87
88
87
87
87
87
88
88
87
86
85
84
84
83
84
84
84
83
84
84
84
84
82
82
81
81
81
80
80
80
81
80
81
81
80
80
80
81
80
80
81
80
81
80
80
80
80
80
79
80
80
80
80
80
79
79
80
79
79
80
80
79
79
80
80
79
79
79
79
79
79
79
79
79
78
78
77
77
78
77
78
77
78
77
77
77
78
78
78
78
78
77
78
78
78
77
78
78
78
77
78
78
77
78
78
77
78
77
77
77
77
78
78
77
77
77
76
75
74
74
73
72
71
70
70
70
70
70
69
69
69
69
69
70
69
69
68
69
68
67
67
67
67
67
67
66
65
66
65
66
66
66
66
65
64
63
63
63
64
64
63
63
64
63
64
64
63
63
63
63
64
63
63
62
61
61
61
62
61
62
62
61
61
62
61
61
61
62
61
61
62
61
62
