# Fix print output for fix ep
81.8608669367262 8185.61776877373 0
101.71376772944 8219.83599763077 0
101.470428315914 8239.12555813639 0
85.8780609851423 8256.65712487685 0
115.081535891317 8239.13937077132 0
121.080225022938 8233.24123743121 0
93.5419139427287 8246.1290640263 0
91.2103735258631 8260.73266087355 0
98.7899123796544 8245.88885640972 0
89.6865455461701 8286.40014490124 0
104.366501712402 8269.47222218883 0
95.642171305652 8270.18378793595 0
95.6852833453983 8255.03716364235 0
88.4620469686125 8257.16374594289 0
103.593508307362 8270.89716138364 0
94.5756026791253 8273.81580412504 0
96.9823157945913 8272.69158768973 0
90.9188796797668 8244.03137210575 0
83.2736978460728 8276.17377386981 0
67.1468129128014 8294.24500790968 0
81.190176721047 8273.46999387237 0
90.6698068267216 8255.60433330884 0
86.7874190488614 8260.67012028713 0
93.2280872346717 8253.07748499707 0
86.1139187743612 8277.00813690142 0
75.3131047350864 8282.05579953547 0
67.9148861592898 8264.78696600321 0
76.4033093655741 8275.31537500715 0
80.4362233458637 8299.6889527565 0
65.2868957640198 8258.64850579216 0
71.7225308793949 8265.38540777879 0
70.3675196800421 8277.37549723731 0
70.9925460632871 8264.90318876875 0
86.1270723292774 8272.30778233368 0
53.2391298907468 8262.31659286888 0
75.141416111178 8248.34969804522 0
88.9658651648225 8266.197040379 0
85.7823045486954 8256.62966884145 0
84.0826873743894 8277.61182647611 0
82.7305919106846 8263.17919328709 0
74.1873178213052 8269.26406704022 0
60.4291167899066 8256.49107384644 0
66.2898249112007 8274.06950370963 0
82.3524398053791 8295.32596249968 0
72.4720481092935 8296.81186811256 0
68.3320793004243 8264.9506333332 0
57.9665344724222 8278.88286619353 0
76.1127305361944 8290.84919645665 0
65.4685032254763 8308.33053720284 0
59.5654311030816 8325.40276026576 0
60.0637873893633 8247.00531702061 0
53.086269416383 8245.90453965353 0
55.5035006302879 8257.94126979316 0
64.0722238809121 8292.65623752196 0
55.522779305637 8271.1324059095 0
63.0285369909545 8277.22090546171 0
54.6630170089934 8269.56460840053 0
64.7770650508682 8260.41454790589 0
60.8345849752062 8238.36868000409 0
77.5129279855929 8256.36153737288 0
70.9935242426108 8266.3007719121 0
66.7471709862724 8254.74769401888 0
57.1272341327336 8263.89904859731 0
48.0508250708021 8248.83139377007 0
55.6453894351295 8272.9796566486 0
62.4885593894796 8280.62421830201 0
69.7423297709586 8293.19854718778 0
52.7972453262211 8261.17396277151 0
64.7458283725549 8273.17231981973 0
61.9786467985853 8288.45584498418 0
55.6896464720422 8297.15444580776 0
69.6466458942648 8300.75847755431 0
58.8924921961253 8272.08126335269 0
47.9680222056875 8262.89246080026 0
59.3487116201064 8272.45692971017 0
82.7075783014331 8257.10022255672 0
50.7164499090421 8262.43129509199 0
44.4096643348488 8256.62068532597 0
55.551474305807 8265.85690321851 0
56.7937602209957 8265.66733919366 0
72.5316187581608 8285.74424581203 0
44.3202811269702 8267.64256815739 0
66.5947761021549 8262.35289502123 0
53.4683642700288 8263.49456340202 0
58.7642855606406 8267.43409670536 0
49.9141289129295 8269.557505553 0
52.7734746767877 8266.59801460784 0
53.4161792543792 8260.7573433206 0
71.5093539146101 8270.98076388229 0
45.4928993351889 8284.95163543477 0
51.0134413678531 8277.90703765068 0
65.5387794331846 8255.30259296518 0
60.6927504765258 8240.15500372228 0
50.5279748126185 8263.58640567836 0
62.0317795442974 8262.0864508939 0
55.4871539127199 8288.85040809402 0
54.0764870696211 8258.03366998262 0
49.4705959126847 8271.77362978874 0
51.6064938820937 8288.88029909427 0
65.4004270848277 8268.90543521403 0
62.6925015133163 8265.06536618442 0
58.6359887689498 8279.56028256083 0
51.0133762084884 8254.59287531166 0
61.9430365772634 8276.61292829167 0
57.6565860833152 8289.19585719975 0
66.9513948624795 8280.1262901789 0
51.1177629891135 8264.33891014474 0
65.5630811161619 8241.20983226504 0
63.431831624964 8270.29337300108 0
43.6041761110858 8274.05442959927 0
62.7757151767567 8271.94553642475 0
53.1775674267582 8275.64686373982 0
46.3001191860431 8264.14456738082 0
56.0726530038452 8252.2430274111 0
59.2291333061115 8270.35395315612 0
50.361746763034 8253.37878754782 0
47.05167702538 8225.30777867697 0
53.0700514957725 8242.03593262091 0
52.4432698910263 8263.22277023398 0
54.0645416925807 8270.62621058026 0
51.4217608007806 8268.51852625679 0
36.7537558957009 8261.12221703941 0
46.916159192765 8272.26982829735 0
39.7021331821228 8287.30074340741 0
47.8494542475023 8288.67008733717 0
64.2832092306311 8277.46489019868 0
44.3458056144092 8289.24467710565 0
44.0855036461935 8267.41434523626 0
38.0146782986393 8284.7165879212 0
52.3527444025214 8279.77802812489 0
45.2276320193421 8296.20217675128 0
53.9645220717725 8308.85410245098 0
53.0483149507973 8293.51662913968 0
41.2155421624831 8286.41847909066 0
40.1760101640185 8252.73105595001 0
57.4409021330824 8260.74575280536 0
53.2359525098396 8263.20698988936 0
37.1721794854969 8277.65515215703 0
42.1414878023433 8246.72608032519 0
33.9157854090682 8259.08312291224 0
52.023748728225 8288.09727825376 0
37.5982821333366 8288.08600392131 0
37.2788195130686 8264.01707933939 0
50.0936406730256 8269.80861350033 0
49.9216193266496 8284.10488818896 0
42.1680114983113 8261.93061901006 0
51.8246984537178 8285.03922732625 0
58.5958723206691 8255.51735172991 0
39.1875980131065 8277.19694948394 0
38.4937195972536 8281.98000746119 0
49.3589489607982 8306.11899051279 0
35.4837852312097 8282.01388342382 0
43.4089801327197 8288.49240674851 0
30.971250790352 8269.5061757551 0
45.3657551030112 8271.44510181402 0
36.7395659888636 8274.6114421652 0
47.3581383010883 8257.55586970818 0
45.303676831458 8290.98241152224 0
46.6937001770425 8276.54910736413 0
51.3078696109632 8291.617027048 0
52.7984834279253 8270.68236800918 0
23.7721366418549 8254.7415277851 0
41.1931601784218 8237.39583656687 0
41.917894959837 8235.90045711601 0
42.0307090527966 8267.75436573919 0
49.6049226676925 8250.02103200438 0
37.978244986558 8248.17272594877 0
29.4128940522137 8255.46744046985 0
35.4846119028576 8263.36294209313 0
39.109423247831 8277.95380683149 0
36.7865633432395 8258.24935410709 0
24.2094857298142 8255.54744619764 0
31.4872811770381 8259.4426826288 0
30.5385207038565 8263.26386134176 0
35.4840147693479 8258.95294498491 0
42.5274521963347 8262.07132062347 0
31.1199033564078 8253.27599842176 0
40.3088854837771 8250.83764938361 0
42.2190751542968 8252.7731252496 0
44.4797005181145 8260.87691335592 0
32.8119858190508 8262.62284656439 0
32.9915767018647 8285.066957772 0
42.9966583764823 8262.72483841568 0
35.056935369944 8257.19827453506 0
39.6964723901124 8283.30033605865 0
37.8747906717436 8299.36610012143 0
33.5819981454864 8309.23758440343 0
28.2930413998004 8258.22337342446 0
40.9837420580448 8253.99221149268 0
35.5240370950451 8248.33975862257 0
38.013323479813 8257.48367358274 0
39.2379902288634 8276.60475401479 0
35.8806454843928 8269.67562786439 0
32.5105894167476 8270.57417253821 0
38.0600805873367 8254.58137738338 0
38.2830473917119 8258.57324887479 0
40.9940422031297 8271.01461977362 0
44.1298495977447 8250.24701818064 0
30.020663462896 8253.91357068806 0
35.2209431547864 8252.88906092686 0
33.9034431346863 8282.71813729088 0
33.6124286419434 8285.60115162021 0
31.9689560705259 8288.601829521 0
26.8564691231308 8277.99109127823 0
36.3242517309081 8258.75750614693 0
25.5991011631338 8284.93459584851 0
29.5151401032297 8280.03085925175 0
32.2236795107086 8296.96962878212 0
28.1965001642513 8260.29049629034 0
44.0221828440844 8274.42105532357 0
30.2770320861904 8262.22147647624 0
29.4460337049565 8263.10695537554 0
32.2887037356433 8275.62563203538 0
25.2916126197672 8247.81943095333 0
33.7785434100183 8247.35720748081 0
39.6297393140886 8277.08177992468 0
34.8143936718944 8288.65432938613 0
32.888087854085 8283.96470547299 0
27.1041899391817 8276.15067997422 0
29.2083674061648 8261.25003066635 0
37.2990421347627 8294.11228854303 0
32.222104843003 8296.37688518238 0
30.1757959912582 8313.65988947559 0
39.8185944292145 8277.9511390634 0
40.6778650448106 8269.23827983197 0
37.6137971671604 8278.59100997004 0
32.538261504278 8269.10209823735 0
43.8223780033155 8271.75972671821 0
31.0406372975677 8269.4438769636 0
30.1331150188301 8263.20375865511 0
28.2646774424507 8268.06077599471 0
29.5479962532043 8297.31889026838 0
34.3436262414204 8284.87454322126 0
27.8585586526004 8265.55334318633 0
29.1270390228874 8292.24221004606 0
29.7184387269437 8283.62336596503 0
31.2028719347734 8278.1268350392 0
18.9450295061508 8262.16656129575 0
28.7510932900867 8266.47988488582 0
29.2578506960794 8270.87434024732 0
36.4587342592046 8310.11786070375 0
29.5901596508405 8279.55930834506 0
27.9082387694094 8258.03182246755 0
33.6900140900487 8254.70379225804 0
30.019737035468 8269.95266615554 0
25.861893458561 8270.85326805145 0
32.108865610903 8259.38879593097 0
28.8680564473094 8257.26294392857 0
42.0593325328653 8259.37453026172 0
30.4401984251636 8288.55401168695 0
21.5059064533032 8263.87041119132 0
23.3170639398559 8266.97814478302 0
18.5963409075126 8254.02279514351 0
23.1848259514644 8279.63134132319 0
25.9105041768257 8258.9146763125 0
27.4262226925168 8283.06386507041 0
20.8706989887031 8271.34413388345 0
26.7523823796718 8257.31752169251 0
26.3894377292457 8272.42877676915 0
38.6082086143579 8278.93367687829 0
34.1252596197021 8285.8416163881 0
30.783980012492 8273.64891302949 0
20.6848986982186 8279.67396981645 0
25.5044565312727 8267.07453248476 0
17.7981083476114 8290.61469911806 0
30.151977903172 8277.14233244043 0
26.0191365170276 8289.01273312735 0
22.6501320738873 8294.9232405866 0
19.2051063954363 8274.00013444812 0
28.7789555602486 8297.83070728938 0
32.0784952145615 8285.52424353056 0
27.5702976484508 8321.77608648504 0
21.392649958435 8268.58534522356 0
23.3966938266699 8276.3211676817 0
23.1572672516599 8295.93355018791 0
27.5911342504265 8298.42172984589 0
25.9748581714138 8266.14994804049 0
24.0684539814113 8265.47061765301 0
21.5811438167342 8277.80533749537 0
37.6534793316989 8267.63031957166 0
27.3415879020106 8264.14761163827 0
33.0482017677992 8255.0958767709 0
23.9661399383228 8269.55154011737 0
22.353518187374 8271.74978945816 0
29.8602209371209 8256.05168241305 0
26.9823361786003 8253.65844200629 0
24.9106288662758 8269.49469210444 0
40.5253256225322 8279.67761954544 0
27.4112490174636 8281.20759719251 0
24.2484905123394 8281.31353621193 0
31.7134331198916 8289.15226925696 0
28.4234571950659 8290.52673132335 0
25.941691940573 8266.10481234128 0
29.1513342793009 8266.09495610921 0
27.18117864971 8259.13522377945 0
20.3695197870225 8289.85843605354 0
22.86452928035 8268.38447565002 0
27.8104868933102 8249.14324186284 0
25.5175369350707 8264.23115412497 0
28.6512995315697 8257.41191914505 0
34.5057897595266 8278.50488017553 0
21.0105296510567 8251.15143566702 0
37.7209016905951 8281.62301811785 0
32.3822588798429 8269.25941646234 0
21.1827942880556 8259.90440415733 0
16.004091080501 8281.66644395278 0
29.7580736645248 8291.55174708811 0
39.9894220254722 8293.00214700477 0
28.6127317114247 8285.66294552741 0
32.8951102173775 8282.79690422274 0
22.2616929174713 8272.9214752854 0
20.3869133974455 8279.2891251555 0
26.2395111080408 8283.57759747113 0
21.3857462488962 8301.12508365909 0
25.5798824955711 8278.44568105507 0
38.5707902940204 8276.90690071298 0
21.6274622866281 8262.50439558542 0
29.0076189236246 8258.82646356437 0
23.4339455246422 8294.49551498202 0
24.717651949389 8279.21060495393 0
15.3033664376267 8245.17739272318 0
29.1818301863118 8259.55308241721 0
26.4049991611392 8273.61066860721 0
25.6355358646217 8268.66496066384 0
18.9625889497405 8235.83582068031 0
25.1102606989906 8258.15132872564 0
32.2038115830999 8264.33836372467 0
30.635309095958 8278.42927463114 0
31.1995177617971 8279.29968241064 0
15.9897317055743 8264.52562911225 0
22.5403604465071 8266.54744714018 0
29.7903384776197 8288.38284635493 0
26.2174624933496 8251.79911831577 0
20.2131020004208 8270.4154228863 0
20.4546555397979 8255.09112987279 0
22.0990417714594 8268.57060246484 0
22.958308302955 8284.30204804488 0
29.0529877462245 8286.71576999056 0
29.0417360301973 8256.31072618622 0
30.3413379947816 8270.24995372765 0
23.5020196941607 8265.67121086021 0
20.6278603402982 8294.92522754622 0
22.6936173241048 8289.62247092256 0
26.4428804374449 8272.03279783093 0
22.5560553066051 8279.45482166041 0
20.3402857915863 8276.12892548726 0
15.5128353037146 8280.86747388396 0
22.7908246180948 8266.0862986251 0
23.7273759065073 8272.44648904463 0
26.4784018279832 8274.18357950557 0
17.0878669597672 8281.98628735833 0
25.3970581334528 8259.76057309194 0
21.5707378697616 8256.20507778843 0
20.5595336400315 8270.00302683353 0
23.9033968356254 8276.44292566951 0
37.7745330608196 8277.60111721343 0
25.1536995522799 8282.95968560899 0
20.1603051909974 8298.43725814313 0
18.2229470457544 8269.8220731103 0
17.1549699501322 8265.32371643349 0
21.1190772522269 8267.08808418819 0
19.5506181302448 8292.25347109033 0
25.7441308809156 8262.40899791252 0
16.2561876464866 8239.65665666294 0
36.7721074833382 8250.27386919973 0
18.7372235356853 8283.10288746385 0
18.840719857439 8291.3094910453 0
30.7334384772991 8282.54866305995 0
19.2432346616528 8276.84286463743 0
25.0352574480518 8257.50039101552 0
18.6446671811964 8261.78388012723 0
35.8910596233927 8275.3907962896 0
17.2591722861944 8286.13881741546 0
26.7019722395062 8247.13431544459 0
18.2934089411037 8253.28642846996 0
26.2083998576371 8286.05997539584 0
18.7359688427808 8275.7313595557 0
29.0727849441631 8298.94387869142 0
14.9212514608546 8279.12508292761 0
28.0246316811702 8263.19159156872 0
20.5609253093329 8275.2434137502 0
28.7044197836499 8287.90762493262 0
15.8361636459782 8248.57525172036 0
17.5183082260418 8266.23098272003 0
16.4762341654786 8284.10153981658 0
13.1799545256314 8264.84282212094 0
27.9938239428603 8266.63996475973 0
24.0572689947671 8271.53806838857 0
22.7760356232369 8262.18413299837 0
24.0665730354719 8273.64330561491 0
22.1866437199464 8257.98658949579 0
19.4114510468225 8251.54399194112 0
36.0152471975216 8278.54871568806 0
34.8524534571719 8290.33346260461 0
19.0506725273278 8282.96921434603 0
29.4377282117162 8282.61629185306 0
18.6656923989372 8269.01063400972 0
17.3275606826884 8248.44712849006 0
17.7924932599231 8273.79490338835 0
18.8518521704389 8291.59184441717 0
18.6831635848262 8267.86926206719 0
28.1867873138142 8267.00796823265 0
17.3545529035206 8271.8219812896 0
18.8022519364583 8261.11127520182 0
22.0870529341501 8269.20931106438 0
19.2593402427098 8281.91939424738 0
20.6549201246952 8277.68829415952 0
16.2686403967685 8292.60591550394 0
21.7624979440376 8285.26067441975 0
24.1221937209964 8281.00148582139 0
32.5705139092598 8297.29456310289 0
22.7481088842856 8274.62590317506 0
22.5088528487348 8286.52832145086 0
18.6371071964986 8241.39772497869 0
22.2509559992966 8273.06556269818 0
28.9988224933512 8260.09263957568 0
25.3362083829752 8256.2401139795 0
20.4595087159336 8255.0964188281 0
30.4583031574686 8289.55692855169 0
16.2561769106453 8277.95821020297 0
32.6928423698162 8279.29208898152 0
19.6277165360671 8268.69296717883 0
23.928030115565 8262.33128836489 0
16.6531963343608 8255.74679408929 0
30.74803644782 8285.08510916578 0
14.5068368745743 8268.88865573063 0
19.8142550233129 8302.81950275067 0
28.6532430366947 8263.462134236 0
23.4792714797654 8285.18732452669 0
18.215137649974 8302.57794110806 0
22.8884794732143 8263.35029668706 0
14.1079459174581 8277.74765688323 0
12.6329332474295 8255.36962327395 0
19.3349548802152 8301.82880521572 0
16.0713541326933 8255.98408734153 0
19.4588078326346 8251.55071136105 0
27.4789011260847 8275.24626502897 0
31.3929414714063 8328.34730504263 0
22.7272629104014 8278.83749053423 0
18.1215410500345 8265.82494334461 0
18.5812184035099 8256.1237942888 0
17.9492234331386 8304.0590200305 0
30.7278368845273 8280.59160247353 0
14.7222402349493 8300.64342295673 0
9.57507635681754 8285.50741065501 0
14.6665549958096 8252.67116030594 0
18.1082267139951 8281.20383232177 0
14.8468032494582 8267.98033166899 0
15.664374510387 8248.72748532011 0
19.880115161112 8248.21326902034 0
16.1037412985625 8257.94376641386 0
21.5014590598278 8277.10745951213 0
16.48305108992 8274.95224954126 0
22.6194343085634 8277.25713054056 0
18.0938657772025 8263.91812186699 0
15.3598263262576 8279.85431770172 0
18.2131337696826 8287.38947538481 0
29.8119997118923 8266.43397290618 0
20.6657065048548 8267.63747776722 0
24.9760517251189 8272.65639639886 0
22.0551201327605 8272.47198472655 0
18.4828509430431 8269.35917405533 0
20.9221671142268 8237.36568472747 0
22.9869633058917 8280.59493259744 0
23.1158753999498 8267.19034843642 0
18.2962244945098 8265.7127263975 0
18.7533149870199 8285.89406151438 0
18.2965518608171 8275.51372326334 0
21.752391825551 8305.46771995344 0
12.7104908412429 8263.02554871659 0
14.2749641952617 8264.16899963737 0
19.9623790971501 8273.52038213186 0
17.3427348903884 8265.16971217672 0
14.2472581294311 8276.51524419343 0
16.842445031323 8262.15772065708 0
32.1132753527464 8270.85163370209 0
19.5020196420189 8257.85555163031 0
20.7949242916428 8289.0038204494 0
29.7730479239787 8293.77745024339 0
20.6963297800249 8297.25159793101 0
14.6243349507126 8266.06951486806 0
11.1993743451711 8258.57240853843 0
27.4247446703888 8273.37390548704 0
12.8266121201952 8272.12277171011 0
12.1016897478305 8268.17087920006 0
22.216603092983 8278.20309850208 0
12.7714813527588 8298.50746492704 0
25.531985002455 8294.54722230304 0
26.2796796115004 8275.32559795607 0
20.9438858021182 8274.42804408868 0
11.1319153341771 8273.04421589828 0
19.7977541838713 8278.82582970233 0
18.9247115441433 8249.51896467966 0
15.3511757684923 8277.22487003342 0
13.707944192448 8289.41385724283 0
20.7202793669004 8275.56172185774 0
27.3591542426666 8241.21729156106 0
24.539889991068 8278.95929625013 0
16.5377148629531 8237.04358207057 0
8.93710413029292 8270.8529412361 0
21.6584210692824 8284.72630313813 0
22.6644155466928 8268.1918638986 0
21.2392321492643 8270.13593770814 0
12.5802200217291 8290.71980439573 0
22.1079897759657 8270.71244292655 0
17.2464895745245 8260.03960135471 0
21.9377321000443 8296.92251677791 0
14.6332325467071 8308.81558083475 0
19.6394139881972 8259.69515890651 0
16.9113513197499 8269.67541839324 0
20.5937483211107 8269.94593441077 0
13.7438426237406 8251.37938640389 0
14.8386242128699 8264.58668211564 0
10.9664805710481 8261.51542542162 0
20.5026135568905 8251.81430398625 0
24.6921338050188 8277.08757961224 0
23.48463744844 8282.07678059736 0
36.4944881721923 8261.58457343482 0
15.1494090613275 8247.49227949274 0
14.1602062132176 8288.31307223656 0
21.5599466527023 8292.08369489055 0
22.0698097433146 8262.63920460585 0
16.7908093543103 8289.88734345616 0
28.9205590838639 8256.38846093747 0
16.1458566468412 8268.22832662696 0
11.3337228615611 8256.26444792419 0
19.525153052895 8249.16232107478 0
19.3996179878017 8289.83112392104 0
13.9874874147458 8267.0663892393 0
11.0025547993515 8280.34197308113 0
17.2053183026787 8274.9657439314 0
27.4352966178439 8285.95359618896 0
25.5985865529673 8275.43965818055 0
12.1318715019053 8283.65576923685 0
23.3666712350693 8285.67705419872 0
13.0976311822852 8276.40734104368 0
12.7235242385152 8268.65716915953 0
11.8211953580266 8247.00363335192 0
22.0123157840117 8274.36775918367 0
14.0838285629007 8255.90634876557 0
21.0693573783035 8272.38803856701 0
20.0586889816627 8264.18810746102 0
20.6319684765286 8281.2562915139 0
17.0676874155954 8279.58392462519 0
20.467852399252 8270.0908444935 0
17.4013033569871 8279.43580073088 0
18.2737942964907 8279.72203135218 0
18.9715800336776 8275.92534723357 0
19.1767313626982 8259.7178363947 0
17.9918135118805 8296.86652301154 0
25.5714322370125 8264.25654662751 0
21.6188385566927 8283.83115559468 0
13.187203299466 8256.93250209898 0
16.7430489689482 8275.9447051245 0
18.6467101625423 8280.97722458525 0
10.3799218511977 8268.920094859 0
16.6307045466738 8281.86331352998 0
13.6560783220802 8297.06627494875 0
21.516202769134 8317.23408919699 0
12.3404339346951 8269.86021213126 0
16.6629095609156 8276.67481421702 0
12.4732082600648 8260.43310947217 0
20.1587737305411 8253.40649008906 0
19.0360145801741 8267.34395627012 0
10.6628242740591 8262.9560627877 0
16.8417769620371 8262.15209304415 0
17.6637816247092 8287.86541561489 0
23.4294404407399 8262.18549076044 0
19.6068595760018 8273.08770974975 0
17.4766402381062 8279.64210758661 0
9.69090292382388 8244.24531673924 0
15.7715551533678 8265.46594946095 0
21.1493331248979 8284.19828931728 0
14.7495620225493 8257.48163468954 0
12.7474594940897 8256.69718718312 0
20.3166446474219 8252.80559485879 0
20.2434176800166 8253.88395146424 0
12.5928413963014 8258.89775000652 0
16.6626266028193 8300.25915606676 0
17.97728475919 8288.78364944937 0
14.9416495499356 8275.38548428747 0
16.1230581537322 8266.84024024047 0
9.01602038140128 8307.11120811427 0
11.2048005955455 8280.56559652426 0
10.6141910530448 8306.24594251271 0
17.4818346444793 8274.7137260978 0
31.5553718828298 8301.05386314668 0
14.2859568307182 8264.27444498776 0
17.5064517510295 8292.64019667805 0
14.1120429711207 8278.31708581161 0
15.6222172207146 8278.97668123934 0
11.0960207053909 8299.58335027354 0
21.5407503085411 8290.87231560111 0
15.8255381866461 8282.25802596682 0
33.3840839153211 8269.86742530628 0
19.9836171541795 8281.93364235746 0
24.2948361111337 8276.67576712681 0
18.6789370585177 8266.45137201389 0
27.5919734286319 8257.50813015273 0
16.5981465008125 8303.47360202337 0
17.8844215483895 8293.15837495066 0
10.7635065006123 8274.48253462055 0
20.9792108112532 8298.46191681027 0
17.2684062614404 8279.04725238445 0
13.7647136040009 8276.77971613477 0
13.5600257957854 8270.3009732148 0
24.577227252725 8289.71836596969 0
22.4981628013758 8283.70352680183 0
19.4786939641892 8267.90515710578 0
21.3921222625818 8285.99918894573 0
20.64362949794 8279.72741349908 0
17.0264645305341 8272.83968034759 0
9.14807195864941 8254.99093505456 0
12.5986353081416 8289.46564139378 0
19.1621156674417 8279.77133265283 0
25.9615914690324 8276.70381440161 0
26.3509009221679 8256.8258981406 0
24.8073442082183 8243.66040301778 0
20.2653459882456 8276.10984772138 0
12.6967238781461 8273.74473192899 0
24.1606407872531 8302.18904538745 0
19.0182085203833 8237.97861967745 0
12.9151762959747 8271.01255411146 0
12.9588181550793 8276.87903591386 0
26.5949485816081 8284.2279870923 0
22.4467307455957 8301.65908022605 0
13.1932852546873 8271.25717887145 0
14.7424074267539 8254.0835530514 0
17.7606318699423 8270.55960227254 0
13.9406726440586 8283.85193748108 0
12.3686427326244 8268.19600367402 0
17.1589825145464 8275.03404144573 0
14.6766743951234 8269.82218500856 0
15.0950930016939 8272.64653082719 0
20.3343587480551 8278.43384767355 0
14.2038116667805 8274.28651927661 0
16.3711459371208 8287.449769117 0
12.9009478229138 8247.76168196802 0
17.6191029308966 8275.57636475671 0
16.0469748746171 8255.99750071682 0
9.95651795493388 8242.66099919949 0
13.7979694920288 8255.8481606362 0
9.13525362602705 8238.31850946144 0
9.93288565511702 8270.06595018869 0
9.39574352076576 8262.92522368429 0
16.8883595662424 8290.73704561748 0
11.4412945508284 8279.88751936903 0
13.4130854558105 8288.49417489893 0
13.6563274891095 8257.47644663044 0
14.5462452832522 8279.9816270702 0
16.3328835011563 8281.37956074194 0
13.7307766589625 8260.57355333113 0
18.948185534596 8277.8809678709 0
18.2161258199347 8243.36543866864 0
28.5805012422035 8291.45990494421 0
8.18713935290725 8276.12921122077 0
7.10957876434604 8298.61215741246 0
10.3412651637932 8266.38767119606 0
15.7205864406562 8260.90233913576 0
24.1209651955195 8266.92437064146 0
13.7745953412355 8274.22175663817 0
13.9928489899249 8280.76625951151 0
8.49719734774283 8259.97305934954 0
14.4381579690479 8280.06691920954 0
12.8675249240287 8272.16618645084 0
12.2880202245036 8284.94952965906 0
18.7611978586432 8276.06492053144 0
17.7937422932305 8290.10821701085 0
15.3386113425341 8279.85078392804 0
19.13715551924 8267.5150961107 0
12.6648355941315 8305.28816363601 0
17.166339705002 8270.92981738054 0
11.1215539140115 8276.43770923801 0
12.584693864168 8275.59176035866 0
17.3032039714545 8274.38736366904 0
16.3036427257629 8262.52798866363 0
10.4064493448787 8267.16262873381 0
25.6041892584592 8271.49743471042 0
16.4107085857922 8264.17143275665 0
12.5828083225616 8279.69614466122 0
11.2101892478684 8284.53645625265 0
11.8174522031327 8292.26408487096 0
20.7710980679708 8270.62979857787 0
14.5141736126004 8273.37654067734 0
17.7328866578433 8289.17936474666 0
13.4171078774627 8289.09049675771 0
27.6526520962045 8284.34423753733 0
17.5310847628999 8299.68857413672 0
10.4512571375932 8277.01949300463 0
16.6373739061179 8254.42801051357 0
21.5137617414246 8257.48187751181 0
13.5439521159934 8267.46075675106 0
19.5877726441246 8283.92769323287 0
10.278567019289 8270.57824601792 0
14.6378512349628 8250.98155368549 0
11.8003294766838 8242.69210657801 0
15.6981045822288 8279.40031519328 0
19.6989238341118 8281.49287558297 0
8.00796616742026 8277.80591701162 0
15.6262817701594 8252.56735071701 0
13.9981660092207 8270.55866439954 0
14.3444825774907 8267.89617808614 0
11.7006101426273 8244.70503409963 0
12.8049738474132 8222.85036270274 0
15.395329251273 8243.83697713374 0
19.1482411657839 8262.42934406571 0
13.4060417502113 8275.9364699203 0
21.958979009729 8282.78410044851 0
17.4257761473194 8300.4872723668 0
18.1953898825092 8266.16976750605 0
14.1987850962085 8269.3090316354 0
13.3566598023165 8255.24090374096 0
15.8126726550671 8298.91020809545 0
16.2453295522076 8278.34127883133 0
19.6145341058223 8287.45340793372 0
16.9961264527075 8278.48995884346 0
17.332597458793 8292.09207761954 0
13.0142784995736 8287.14083167407 0
15.3536881137327 8256.08952496496 0
20.9725164089607 8277.10154041515 0
20.8886132057354 8256.85276153828 0
18.0785355069385 8240.24976831402 0
13.2994341181869 8229.1665253704 0
21.8404898181895 8250.90837222543 0
14.7698603944186 8276.43269629288 0
21.1379736827214 8263.12702816167 0
13.4307009723774 8255.66276905284 0
19.2301051235841 8277.16077651396 0
10.2608505334182 8280.09552806623 0
17.6365883740283 8262.48478033191 0
21.9293085620846 8277.98907579439 0
12.7976067678716 8302.48040438423 0
16.0950880640512 8294.94477011703 0
17.7665941614512 8274.98410912031 0
12.927352660104 8290.51378093378 0
10.7959861868848 8273.29893748099 0
16.329948769168 8294.33843359405 0
14.1003838783789 8302.86359474737 0
18.6065820954127 8276.02594805615 0
15.8040690545351 8256.08929347054 0
17.200931705348 8275.37093336107 0
19.0807145018554 8290.78641062947 0
30.1261651961197 8275.45352934718 0
7.38537890980466 8264.86014006409 0
24.3561509015432 8252.95658730125 0
10.7400732995481 8273.30690072154 0
11.932682161988 8261.43186559447 0
20.1038326755313 8263.33347956383 0
15.9898258188019 8268.7139036446 0
16.6654681224326 8261.86459115339 0
12.8085318191098 8264.71350047494 0
12.9158927902201 8290.44278334108 0
14.8404850702059 8286.75461415508 0
15.5561139539123 8293.71297606908 0
15.2631915281348 8268.19911711067 0
14.4705332183324 8296.27562742353 0
10.5407996569057 8274.17992038657 0
13.5372141341966 8287.56574364711 0
13.2983588286234 8272.96756817235 0
20.7180226885465 8283.9153568222 0
16.9433781768704 8268.06149388771 0
13.313136759443 8304.9711483922 0
14.4990255676964 8260.74236683602 0
18.7364864245941 8280.97708989162 0
13.5101006453421 8265.98135007108 0
6.39629921468949 8274.9177666347 0
10.0229941169614 8259.90835006749 0
18.4141914181075 8272.35836016992 0
13.7436909847226 8244.39236057374 0
10.749407901568 8305.32667039153 0
18.1300930556244 8259.49854725627 0
17.2938438558378 8255.99138531893 0
12.0693996677286 8275.26596131984 0
32.8230105862743 8270.66033174707 0
15.7264992240837 8260.7869329135 0
14.1602824605017 8296.66279876496 0
17.5900702112953 8269.72124410595 0
18.9184880090232 8264.41223845687 0
12.8321164653901 8265.5188116118 0
16.1397846754055 8274.44096865298 0
13.6260224894138 8276.01963195827 0
11.3542453585785 8289.71964310116 0
14.9819603828432 8290.22155813878 0
20.0571300805686 8282.18306343958 0
18.5163692390677 8256.39697741189 0
16.7898193084834 8257.76776376408 0
15.277588080564 8273.64976949744 0
14.5646505104361 8271.35095380602 0
13.2169877856654 8283.28649278849 0
14.8705815417322 8267.39995183834 0
15.12176762312 8290.3648535711 0
20.6256414582882 8276.24477777187 0
15.011234072813 8261.78108423473 0
16.5056630970526 8256.44410785624 0
12.6308570757813 8257.14185035533 0
15.8977821993949 8247.75778631901 0
19.6354666758747 8258.99200493063 0
11.3378803872086 8261.1929647947 0
19.1076045525003 8268.00327995615 0
13.2001274669402 8291.17844373515 0
9.87198995308524 8243.74409629252 0
12.2373584496642 8270.24121329623 0
17.2415532771396 8274.67522030513 0
13.9299108088 8262.29269126527 0
16.3173416934746 8266.16217511314 0
19.3181506331565 8256.62406824791 0
15.776958320337 8298.98673185215 0
15.895990661961 8270.77905527632 0
19.1068623568928 8313.843842385 0
16.5265527471801 8295.37285111578 0
18.1122567396609 8261.70588427174 0
15.9631465160734 8279.10966292862 0
12.5019836319381 8277.8291017122 0
17.0660954591635 8252.74534819152 0
15.8893043731165 8283.6089913724 0
14.2281813047924 8290.22173796629 0
10.7152107671862 8278.39859738107 0
18.0230436940358 8247.05494293762 0
31.6467039156974 8275.54812707319 0
17.1099678023869 8278.10839474357 0
13.0268146881046 8288.21597665579 0
19.3384772439913 8251.72313120378 0
17.7423170677929 8276.92324271346 0
13.6455574277329 8280.6322417689 0
19.3411824265869 8276.47317526165 0
11.4295132365535 8305.59387195243 0
22.3833666527942 8302.7773516255 0
17.5666066892838 8280.32016456693 0
16.8990580011484 8275.68450401915 0
12.8978249078478 8282.86019547497 0
13.8815634977269 8286.7087110123 0
8.98671690903662 8266.9023580658 0
7.81333999172796 8285.10285191917 0
12.0002554913956 8304.63420331986 0
14.1092683136893 8279.15334113946 0
20.9333421684413 8289.46440592307 0
15.5546859860381 8288.52157694672 0
14.9799329405007 8292.27700261404 0
13.5393166348332 8302.42750148285 0
17.359513971562 8266.52463935618 0
7.02291443907599 8283.269013999 0
15.5069523935422 8268.59496101039 0
10.2073397854976 8279.47193133803 0
17.6229715888637 8274.61796074359 0
13.4947579828138 8296.59007732875 0
14.0121611367979 8287.84060646565 0
16.7280236552255 8242.72947256929 0
9.96966077283939 8243.66839229376 0
14.9921505821596 8259.58215960776 0
18.5119579127217 8289.63562542445 0
11.9008421348088 8300.3878776259 0
16.6871000034807 8290.20337806738 0
15.0922592657428 8262.8154515568 0
15.1474372114838 8257.08096279722 0
20.5386547050508 8245.58396339491 0
20.9103555428371 8246.64022654297 0
16.374686714258 8241.24097128927 0
14.6006458694192 8243.46696135748 0
13.13146553099 8269.59622454282 0
23.9345837990282 8299.60736732347 0
7.58449836008776 8282.42456648489 0
16.5216161007251 8275.22507434622 0
12.9227202766062 8283.65303939582 0
15.4778497005207 8282.67870483156 0
13.1819350041116 8297.79749090584 0
9.2176830328748 8308.70833784632 0
11.7260075342877 8245.09162520673 0
20.0382652330524 8280.32307756318 0
9.27062334360961 8281.03240153634 0
20.0771682556602 8270.67585353955 0
21.0620997217984 8240.74579772751 0
18.7012550102246 8265.08815411719 0
9.35839111602753 8259.45015449619 0
32.0635238721872 8267.22062566178 0
10.4481144240561 8257.43928638018 0
13.1976288142504 8228.54288660198 0
16.3023713859714 8266.63474751738 0
12.2925838035124 8278.92403832812 0
19.2641629185973 8290.96774480076 0
13.2325475655486 8260.72092289668 0
16.3598154711226 8248.24718662601 0
19.3635641466741 8259.75597558738 0
13.5058696227176 8286.56763927698 0
16.4876187041233 8250.5876454405 0
23.276864432034 8267.38785200373 0
12.7098550184043 8282.03190955189 0
19.1028607828429 8279.85325685784 0
12.8788120962676 8287.24411810943 0
20.6467152043082 8293.80494794171 0
19.2342520470975 8290.32500482456 0
19.7649889935707 8292.58187491341 0
15.2228437463076 8266.5193639739 0
14.1091544208773 8270.79104070901 0
13.822785167045 8274.77694248741 0
10.9148919111237 8282.75220567128 0
15.3000582019743 8282.50112636268 0
14.8198992584581 8274.66971013078 0
14.671136514846 8297.06775813456 0
12.8745671693073 8276.69998156469 0
22.3748280791744 8276.38412004432 0
11.9503043387548 8274.69514064029 0
7.54989878793451 8260.28001619401 0
9.41769840319207 8277.46261716279 0
22.61458774473 8279.74074457567 0
17.5966430804038 8294.87948327984 0
10.107665414305 8275.47816051139 0
21.7665663382362 8271.34925452366 0
16.2475165196167 8269.3923015645 0
14.1256163710001 8302.78080889607 0
11.6301395660241 8301.31794183983 0
14.1796247613458 8277.04856925396 0
12.2040065157119 8281.40098943773 0
18.869578881692 8271.50257687686 0
21.0882027984428 8310.4892035226 0
12.2037361039271 8278.41281155581 0
5.5024167556447 8265.21872719211 0
14.3511028296426 8297.85965563176 0
16.2276129502257 8297.04980793227 0
11.3217968464923 8276.2939037212 0
19.524814409711 8238.39301357861 0
11.9520604348963 8249.01139992464 0
13.4826509367784 8272.88636638545 0
13.432079770195 8268.3797512247 0
7.61346107630441 8270.53579009526 0
18.68530189612 8270.15004318047 0
17.596973104379 8248.67309646838 0
16.3825169010152 8265.78305336506 0
5.93223542464152 8278.26547606575 0
14.2552324246611 8268.73793467639 0
18.4787265218828 8256.63607524328 0
11.6399914163457 8246.94387902378 0
10.9278013074909 8255.97733610482 0
16.6977150386063 8255.60491030347 0
11.3371629252538 8250.59131585375 0
9.73027845329547 8248.21528318676 0
14.3191906234729 8238.56812773313 0
16.4631502808384 8262.99161641823 0
11.3128027230923 8302.71062352102 0
13.6218389351024 8261.2638608521 0
18.931949107164 8274.78336303841 0
16.6477338651762 8280.97652936535 0
17.9276827599283 8249.31210353007 0
13.5600378096862 8265.45814537473 0
20.8864137765884 8288.05494952982 0
12.201891691343 8294.71956883185 0
14.5143313152827 8263.69347508604 0
14.1561848841263 8262.15995877056 0
14.2599115217302 8276.49665743608 0
8.41809345777119 8274.97561762654 0
16.0539094249765 8263.51094643948 0
14.1793270306148 8259.77359464028 0
14.1070089271606 8248.1727139733 0
21.7382932788909 8276.7591092621 0
16.0330279299469 8286.02768212256 0
15.5924086985302 8295.22091996854 0
15.5616425172934 8243.57755669168 0
16.3117896309947 8259.71549301463 0
12.5378980855916 8295.62534192447 0
17.6434535817376 8273.89002395208 0
9.98354225735977 8268.3828498125 0
11.725286901807 8279.80443788845 0
12.4734971116283 8291.93012028807 0
17.215412200863 8258.63021120469 0
11.1038770659962 8258.95103605421 0
4.92018487106423 8246.19840047765 0
4.55044179784025 8271.58203273947 0
14.3906051254726 8265.42807057838 0
16.0722297977788 8282.32023032932 0
12.5757038925793 8285.63065473372 0
11.4250988874253 8295.29796372856 0
13.6091675672106 8289.09597878767 0
9.6222236109782 8281.97325052412 0
11.6469439527814 8245.52875122995 0
18.8354438143656 8236.09864168177 0
10.905754205155 8250.63297438485 0
15.9198319724059 8288.93437191912 0
12.7360786328206 8265.53439227969 0
9.96916058674714 8274.91316763731 0
13.388904712006 8265.42884978179 0
12.0355295651896 8253.54270270371 0
14.8857439240641 8272.87540689668 0
14.0630871974042 8292.39790713789 0
19.4413883947261 8293.889258397 0
11.3312837977649 8278.15741870385 0
12.6671388118183 8285.90195904489 0
10.570789771145 8268.3856712458 0
22.9839009597488 8288.90001693269 0
8.52141996879014 8301.05837947047 0
13.5302867613954 8298.92172822676 0
16.2440633529033 8276.68529707527 0
21.47297981624 8276.59783466894 0
9.85742009166364 8312.50872279943 0
18.7505863813242 8293.33507543132 0
11.5041782449637 8297.81861239128 0
10.3360090541249 8308.28516092607 0
18.9844674340585 8290.22043323975 0
15.1868312613814 8310.03064782793 0
29.5866005582949 8304.60334842638 0
14.3752682201836 8259.22096727127 0
23.1875014170754 8270.43539097023 0
13.3991723373973 8254.66352679648 0
7.98063016292916 8254.94002245428 0
16.4591827299044 8254.69014472649 0
17.6548053354643 8283.56431017539 0
11.7718051901833 8271.44227306077 0
16.2402516221829 8272.8147840178 0
8.34991764820465 8267.46436906958 0
15.5087767211307 8251.59442515989 0
10.6370066046866 8277.89495427897 0
7.93941011408604 8274.41255089118 0
22.4949067533932 8258.91140734234 0
13.5186804275647 8264.18660625401 0
19.3822668744434 8278.27234983033 0
13.7363731450135 8250.63018565873 0
15.3253299008027 8232.40806484418 0
13.3293598626117 8261.82472417932 0
11.8667022449295 8242.95826842321 0
13.1409258998264 8290.17820739714 0
8.0675167311119 8278.75389211281 0
8.27703730955991 8254.2735616695 0
20.9231877055032 8277.89363616216 0
5.33023508335406 8285.91676841061 0
17.0131333558855 8309.91170973225 0
8.84775125092759 8300.90390101492 0
7.68233391015938 8276.86050101271 0
20.0510986438744 8309.01320708706 0
14.781766565492 8293.84023142647 0
17.0299215122076 8309.06890696325 0
14.4193530678658 8286.05777176464 0
14.8361210001547 8293.68826658731 0
15.2957342158613 8283.61707851438 0
11.0933266896139 8282.10663573572 0
7.73864007743044 8285.34130081878 0
17.7498586550139 8278.84853715764 0
16.5272293741953 8311.01323159167 0
7.30895432827287 8284.27145267318 0
14.1373074945087 8292.53056583118 0
