# Fix print output for fix et
0.207174108504271 173.990318523631 0
7.15157716196158 238.137503752513 0
4.87297082845958 234.905662579889 0
2.00280967091675 214.399826879063 0
6.41494821488321 252.490175849025 0
2.42882447383231 234.310611517518 0
8.49199531132844 232.692393572786 0
5.32202908978263 242.729846456361 0
9.59078950085835 238.175323079647 0
2.54535292579697 234.025962729243 0
5.10382225404933 235.049240974103 0
3.88268469207958 233.887131461026 0
4.50159640456889 234.55936277989 0
2.24286542222661 213.177621067668 0
5.02585890373268 236.734439114283 0
2.37594564217393 254.26964733557 0
1.66060240025562 227.911894880072 0
1.25010780960647 215.125229176096 0
2.51319279066688 206.161208009944 0
2.84075499417913 239.659021636303 0
5.03122390969215 248.779658323932 0
5.27601101159195 232.207378115002 0
9.60080088418428 238.560914404536 0
8.39449473570605 232.684855526851 0
1.0683311424946 242.045344520742 0
2.60876114733126 227.753229065981 0
2.57024630933845 229.984769653789 0
2.73597200898582 233.665905765771 0
4.80834948030124 235.777825289964 0
3.16948842210146 229.074408036661 0
2.20386291591733 232.494563849823 0
2.08151074498235 229.908143873411 0
1.07793517972342 233.653352322244 0
5.09734195460064 233.641372841463 0
2.51656482329642 242.89402110735 0
2.96310781305267 243.397091887453 0
5.66515763707247 207.559337084799 0
9.78949277164879 230.745981543284 0
4.2580793559436 232.33530410569 0
3.50110200839434 233.846907551624 0
4.9572783170781 231.665904459669 0
2.93637792326221 236.188287221976 0
4.70688715461799 233.892092581544 0
4.26430813183995 252.42374995733 0
2.49117412477413 234.874890518978 0
1.51110799597954 231.960568303551 0
2.01873795230831 211.50346884421 0
4.2743134149108 237.448118895002 0
1.84200608554307 244.338356977839 0
4.27964262662836 241.730932764763 0
4.17213193172361 237.963864516082 0
1.96306964967511 230.541350890963 0
1.14108956159291 233.272696730259 0
3.62715990259018 239.1045836904 0
5.81287447296286 238.699340754706 0
2.11735514365459 212.69510165501 0
1.84312825003367 224.557053773331 0
6.67433700073171 254.6923725219 0
4.6623784516956 229.414073674403 0
3.32203741911159 228.016411457553 0
2.94966875098436 231.890886786163 0
2.624583656521 231.822239477735 0
2.10004315440984 234.060074154037 0
0.647340458060292 209.416597618896 0
1.94669438216166 236.644089184388 0
1.51565139959267 234.665176174979 0
1.11350523442853 213.136944895571 0
3.11382091415095 235.187508487277 0
2.05404520166333 232.047314322956 0
1.83158944475347 230.238219038981 0
2.72963546490887 230.428848308061 0
1.99765361967105 234.379397526184 0
3.72219113591431 228.813982546314 0
0.373457416219582 235.730713714847 0
1.81573574399873 228.545163481641 0
4.20327246951589 207.216581426515 0
1.19547639807035 228.187933839389 0
1.91020835210651 227.79389690313 0
2.59897089126208 231.814652032892 0
1.26296131670756 225.30203404457 0
1.82660599328191 230.0701550286 0
1.41585686159769 230.767905862679 0
2.66477542017764 236.196577952912 0
5.3224841459252 227.378145272917 0
5.73250667588638 234.095156730916 0
0.0416158753293954 216.379679133921 0
3.01133794117579 225.731388229105 0
2.11662367903549 207.236854982355 0
1.25609130537644 208.330602158481 0
2.0970755797352 226.164109232213 0
4.36067201379187 233.823795618507 0
1.35999960017311 229.125002808992 0
2.667666965192 224.427599962676 0
0.892528853547062 227.820078498834 0
2.29281518835036 229.077587993008 0
0.5295145102269 229.209249262692 0
1.37381397227387 231.345963418483 0
2.679677015702 232.069659034335 0
1.88900316603235 227.368669659882 0
1.64578683093385 204.17815585339 0
2.60395228134173 207.929761996362 0
1.20472113199919 208.619923781853 0
2.96320802391377 225.661490947656 0
3.85795215620346 231.120495835204 0
2.38958006160327 228.99070966087 0
3.42728355482148 225.558037772921 0
0.202183375518696 210.387759331935 0
1.04958096492117 208.708665953468 0
3.84652446484039 208.213534292588 0
0.579397438625959 234.493058959176 0
2.76171899510979 230.627753386786 0
3.06578057314912 230.376682716121 0
4.84834563680919 229.114518684201 0
2.84540299193036 225.031362268133 0
2.74660257010842 229.611664464506 0
1.92656363147124 230.469436722058 0
1.39930700348168 225.235616151465 0
2.33657649980633 230.529940532259 0
3.12080226110374 228.715603191644 0
3.72775537392542 229.451886482102 0
5.0983960799396 231.787132899358 0
1.44651106267709 217.003054983392 0
0.625093126518269 229.796406225571 0
1.74475557647595 233.4333082972 0
1.42387299713959 237.278840779867 0
5.67747114619456 214.046626234694 0
1.5440793345265 232.562420584096 0
3.7662460256307 238.472045298707 0
3.55150565222161 233.044358938339 0
8.79827155193853 231.394507818871 0
2.26016794494867 216.741131553771 0
1.45708646876756 214.903388240949 0
2.47897083778494 230.750247787484 0
3.85235619678015 232.665747170085 0
1.1400830954309 233.275144792039 0
3.18950191815331 215.282550208909 0
5.74841166801365 236.328154376052 0
1.33515449970463 231.940331914848 0
2.18176596080091 228.410053790701 0
2.83119643012953 227.891790070192 0
2.01525373150461 233.83031546632 0
0.851855417432102 215.289206963886 0
1.24053017306716 231.986616805149 0
3.7018267353645 233.116683069609 0
7.47157686089596 228.770749108569 0
4.05019161845161 230.675188382215 0
3.10815617629141 214.735297402965 0
5.78889589413546 228.483257829752 0
0.636411731055528 231.215884542084 0
1.65566878316417 210.691756855003 0
6.06606108263402 230.585430668605 0
1.26213987426833 213.972877025058 0
0.312062117411495 216.843898041797 0
3.2126924819691 234.273125754031 0
5.61857586428674 233.786078137345 0
2.20808568542775 218.941004432895 0
2.44946856906994 231.967893533526 0
1.97101412554679 220.780638501331 0
4.5139705865627 234.514747747729 0
6.19289302022184 234.167074287343 0
4.0207649153876 215.627632255719 0
1.03671146396647 227.138618867733 0
2.13794544804901 231.529902837062 0
3.7999808677825 230.77727781945 0
1.75038360125569 223.07006953335 0
4.77342707074982 238.38567445998 0
2.08484598484355 214.713288527823 0
0.577282300073425 239.471187728869 0
1.99429749197476 232.804664294193 0
2.62645241515242 235.564975989603 0
3.80960125530569 208.8524066588 0
2.8959889648235 206.077293864672 0
4.05496640042299 256.056025567751 0
0.887680128923984 214.122988086095 0
1.10572522975971 229.665422700793 0
4.88833740732557 229.156442292164 0
1.62403330617598 227.690623320255 0
2.65447037947667 226.765835383428 0
3.60414718841136 229.686002201276 0
1.27674107541561 213.10300181555 0
0.611489929613203 230.649145341767 0
1.07965671038544 213.090693262023 0
0.189538682721706 205.239246382847 0
0.586279030275411 228.72691201906 0
4.63064355071716 230.857138095775 0
1.26753272010932 209.879577431512 0
0.381586054177888 229.169615430898 0
0.395756023341854 212.104274790774 0
3.04319851282532 227.929825296907 0
0.937043245532413 231.11457336808 0
2.58447977200075 227.955938455059 0
0.380269948857844 213.276503112735 0
1.33817232097793 204.600150944381 0
3.49378460926884 230.056765936388 0
3.83035486630444 235.791508726765 0
2.71743706659312 230.068425740877 0
4.30468365942943 230.536792906874 0
7.75094089582908 230.954489201715 0
4.55081061918421 229.464834728145 0
3.07393421142453 229.803550039613 0
0.297413691579017 212.661871638729 0
1.13822213346897 232.004293299922 0
0.770533823508438 206.275745614565 0
3.10329802776979 231.323869686851 0
2.04478522937542 236.252212886222 0
1.92538181680417 235.274712374741 0
5.54787984012905 236.586126376029 0
2.01334247478483 238.29038559375 0
2.3807657651321 226.940471444326 0
3.31834623346248 230.558805918634 0
1.1967094617717 229.852542964291 0
0.882141089364339 233.211546366819 0
2.08967160235016 230.858609536618 0
1.21260391571383 228.749600976247 0
1.64243358153729 227.004085531742 0
2.32238402546592 235.522476627914 0
2.34614699449606 232.58535382737 0
2.64279077475069 233.168187827261 0
0.972653368285605 230.945108879249 0
4.59750947331034 232.71049717709 0
2.94759865554896 238.172630329446 0
2.8256043320163 245.798680319049 0
3.80508914317818 232.699300323113 0
4.98486492609955 215.984689625587 0
5.7003742945241 230.221025305184 0
2.52044840436577 210.054046442118 0
2.77458015651267 233.492281757583 0
2.50473137125773 233.010465720443 0
3.76357694696673 229.62548610312 0
3.99099936510633 228.461527121751 0
2.3055629397225 218.203912386494 0
7.02057544185632 238.639896549244 0
1.04749786723159 220.536190135511 0
4.71817913789622 225.766620530076 0
1.96270767532511 217.976858943616 0
1.19829142899238 218.595306426293 0
2.25148967842274 238.152663973826 0
3.48919109935289 238.419980629632 0
1.16700984627185 217.45119714925 0
4.51429554369817 240.900164336067 0
5.31239857958339 256.698605055603 0
5.57864035192843 228.795087248267 0
5.5538505244624 234.591628963317 0
3.31261710198562 233.113443891735 0
0.752045350825012 233.457279823969 0
1.93516383555913 215.871648783446 0
3.87343345836761 232.413948466449 0
4.81886440049511 224.79325004137 0
5.69610187049121 215.645792613893 0
6.10970316426365 234.890062743782 0
2.1836122323704 229.564647980503 0
7.73218600463138 229.9414679743 0
2.79389650431793 235.803024148729 0
2.43004574893257 237.29499603248 0
1.66528326047281 213.298583328463 0
6.87872688813737 240.702119220361 0
2.76362621785306 238.158967607789 0
1.27150156458523 207.566743189452 0
0.263429677403623 230.347584354046 0
1.80507984566328 210.04640437402 0
4.23160214837096 227.437161978988 0
2.37565842594864 227.447272688885 0
1.68544678097254 214.850703784463 0
2.14100114824337 233.017263564462 0
1.57760129944111 231.387780879072 0
2.54517995118393 235.024826176974 0
2.66550218316485 226.054171960239 0
4.66497281581386 229.321013206831 0
2.35043495401629 208.244533373332 0
4.14172548375774 211.57217455184 0
2.35153715337376 212.243884830399 0
2.88337165846139 236.847201849571 0
1.90925978861552 209.287103174014 0
1.32145633863865 211.821125088917 0
1.87120478648087 207.275412636789 0
0.26423591744513 210.258220771191 0
2.27931978746723 207.335827301038 0
0.349843987313054 208.483214071147 0
2.37989045959969 228.361186371215 0
2.69618587760202 206.46693792899 0
1.72902246258443 228.054638742286 0
5.65165909816578 229.590730057174 0
1.21659148921236 210.547321287248 0
2.79253904463194 237.913557853565 0
1.47660766595206 207.657592094619 0
0.486448419527074 208.403559057141 0
2.07877431505181 230.534085786956 0
0.633983183730037 208.491228694736 0
2.16496573917094 230.288127510192 0
2.7321496212061 230.217359653224 0
0.202165472221518 208.685857562767 0
2.43966118046523 231.36598948866 0
1.74879321348469 227.799122338765 0
1.2001085099483 241.050008956288 0
0.8483507047994 234.663707924089 0
1.53234961067559 220.76369442024 0
1.02321755007554 214.410427121837 0
4.49278794466394 228.953764829836 0
2.67596737716791 227.352040604058 0
1.53852973540427 214.532893649423 0
1.00784848955375 211.006884974903 0
0.748138055428024 209.938419151383 0
3.42697746989411 232.432920178964 0
0.316031453783091 208.090691750656 0
0.534229363521885 208.654405754689 0
4.65203064954782 229.182428344788 0
2.42585725439984 228.004126313623 0
0.903754081142744 208.806917421978 0
1.18819093250256 227.226795625306 0
7.01481916530954 230.623093770585 0
2.00792739179455 235.460173501628 0
2.35653733192397 227.023829691792 0
4.59104224582723 229.855750598156 0
2.35073314463657 231.205437119791 0
1.99618548562723 231.82419237812 0
2.50112934681919 230.710021729626 0
2.3983143195592 230.490606014537 0
1.17923994772851 229.726977849567 0
0.797480694686195 231.276026811193 0
6.24689710290318 234.061530618418 0
0.411924326166535 207.628382291328 0
0.953839078852519 229.670206494477 0
1.88233478303426 232.805954138801 0
1.16303267645183 226.496822064238 0
0.463444141211942 209.283007621811 0
3.12726229653631 228.041042106008 0
5.45168746956276 229.207283534909 0
2.49982351095552 231.008411448633 0
2.13068128803987 230.261066211452 0
2.64553429063293 229.607795609477 0
0.23553136675711 230.834540879828 0
1.0148168393231 212.473530914318 0
3.97519433143897 232.598800413647 0
2.89674249705391 226.082672367007 0
2.54859753683527 208.47112887402 0
1.15593840815899 227.56039230746 0
0.0231179566637474 211.203175399587 0
4.90755702830946 227.798882545075 0
2.82435853262308 228.496832815323 0
1.80408874019557 228.244660219919 0
0.953671714336486 226.863716030421 0
1.69783505621726 228.24408202663 0
0.904079586386377 214.330280698379 0
0.764366742491372 232.877907352174 0
0.578161677956113 228.623666443324 0
1.70233105895455 232.524120793572 0
2.06467412635823 229.36975817322 0
0.272053482396766 233.420881866228 0
2.17386187446703 236.801256024903 0
1.7694437856934 229.706738922204 0
0.986349410222433 211.578761702002 0
2.03595928352531 229.105836094047 0
2.50757225828101 205.929066013458 0
4.97543751986912 227.792281141708 0
1.46670133596076 207.48602999946 0
4.05039733033209 236.018238816339 0
0.953247988775999 240.128080839626 0
4.63394685944823 236.839393729822 0
0.867713199043059 210.52128689167 0
2.93119906437695 240.931214653458 0
0.717537535674827 238.855845070034 0
2.24354120180081 214.748054530792 0
0.598631158768657 210.737048402622 0
1.88137122737222 207.629070404486 0
2.84649616281778 224.25346466134 0
1.66914730405008 219.219592191553 0
1.13647639659615 242.882367529948 0
1.18527340395578 215.412922554585 0
1.39423575307608 240.732275184363 0
2.48030927479324 234.778339483052 0
3.08273264234328 234.21393888352 0
4.2015373467904 237.937174026881 0
1.51376857142703 236.386378353296 0
1.8204602763365 228.999787514183 0
1.8192191015107 226.997039510351 0
3.07867329366711 238.058365663181 0
0.514868893654984 211.926612656356 0
1.97935348611133 212.445499771634 0
2.06176421993507 228.317679169142 0
5.16823615126184 227.882701091425 0
4.76758536175761 227.808505977989 0
0.915004287762663 209.661601297857 0
2.42712141802203 231.077306220744 0
1.73185567477357 230.029143304148 0
0.619651857404379 214.361761472996 0
2.57470075867296 229.641870189366 0
2.46397763370777 239.932855237479 0
3.20072404459489 229.405103146569 0
1.3656793807067 210.724769958256 0
3.09223990645467 236.751523277616 0
2.87194201749806 210.889993426494 0
1.24661010066506 213.934141768181 0
3.04330738498526 251.972303959865 0
2.39844804155262 210.947721221592 0
2.8703468815689 233.381164334955 0
3.52054489567455 227.29732726821 0
1.5959219721769 212.372634066043 0
1.79652288286727 207.608179811184 0
0.818118796696243 206.837741138024 0
1.00212951878407 231.377261877544 0
1.5099915728931 229.338624822164 0
5.12348236765598 233.497061414235 0
2.00888834526801 233.317780508571 0
1.69670199546756 229.675020120848 0
2.78624281966636 206.089592274973 0
3.62168549425037 229.764226527202 0
3.58036264561649 231.433011646975 0
0.988563616067154 213.890275012472 0
3.51181811922619 237.057702754097 0
5.5843255178027 234.905317041902 0
8.41511297830379 239.764239928107 0
1.53219432722747 214.603628452858 0
1.22096496998978 220.469453030373 0
0.168354908355694 217.755697293082 0
3.37693279011832 215.469170287423 0
4.81870943152068 237.340756265845 0
1.93000468991819 230.888580734428 0
2.27173322734478 234.701002856873 0
8.51522905742683 261.276793521541 0
0.47941619939326 220.256981837548 0
0.879878231811041 209.287975280122 0
0.233599468917981 222.056599482532 0
5.09433604021446 259.702491319467 0
3.80531548654417 244.911401471028 0
3.31433998807066 238.761334897691 0
0.109159142960365 223.595668015104 0
4.82409833955823 240.034754607287 0
2.60094123868564 215.938994920165 0
6.78187764467171 241.601145417116 0
0.522785331400579 225.365275693867 0
1.30807143330257 232.210523601679 0
0.134993873818743 215.980838881457 0
1.96497617297288 212.43068990031 0
1.90612790051619 221.018398486052 0
4.30433175474647 237.531792154578 0
3.70007840496141 228.610581334308 0
3.97676626302563 231.725742912525 0
4.41375619600606 227.771303718832 0
8.6095955077736 230.6461848782 0
1.2659942181727 237.439439652926 0
1.87440033705852 210.615495169497 0
2.52371915471102 214.834556722984 0
3.22745409482144 232.93699463862 0
2.29625977938454 216.222633474306 0
1.1134185436519 217.540903891351 0
2.33775770062806 233.880493054331 0
0.846997079501485 210.469403033743 0
3.2185381149975 236.367008639389 0
1.09715426024829 229.161068101174 0
2.55766574528204 241.700597482914 0
3.17083614527677 230.241777748226 0
2.11941269653706 228.655506606517 0
5.64374971357249 236.356534975365 0
6.60245818844706 231.83923853482 0
7.22634055551963 237.971417327569 0
2.29114822295141 229.847418871054 0
2.91652080298298 230.19662624099 0
8.78396848423978 237.015683359033 0
4.09450608669936 231.861981882608 0
6.00423485279302 232.152807870284 0
1.32256921805429 232.447988321164 0
3.71073741559468 238.367279149305 0
1.39963648384815 225.827913209687 0
4.35714826626612 230.082533702361 0
1.81989342130765 229.415342917939 0
1.43601083637971 236.004007446059 0
2.88469910013411 232.217138663742 0
6.68812700190939 229.809205464753 0
4.26116796822186 230.579149605523 0
2.620010054945 228.382643216745 0
0.135877213080873 206.584384204114 0
2.8912525062929 238.599130553154 0
1.79475712961485 213.996477760999 0
1.12289130566676 215.28110740904 0
5.6627703742128 220.398332253272 0
7.50064345124569 253.897350786869 0
0.944932818935875 228.0254367416 0
1.93335017555832 218.365835822887 0
0.89110951928238 237.230179157278 0
1.79901777332548 212.549303798812 0
2.5547354800446 237.863898382987 0
0.481708393808987 214.137122508487 0
3.50527790901768 228.264446630258 0
1.42560904305752 208.698664307013 0
3.51441042675463 235.276785252368 0
4.22080622678528 233.692230238137 0
0.690901697507342 220.887200362161 0
3.16172802840355 205.914418263039 0
10.0314267171255 208.994916926959 0
2.69540320568601 208.715236678362 0
2.96986491305992 229.411139198967 0
5.04111841590203 232.528518553987 0
1.36545474723622 228.242130597881 0
1.15768096842358 234.071460456488 0
2.22688907077593 231.62117402636 0
0.144363754400634 209.62317185603 0
1.67765705765643 227.623736578569 0
4.17510108110609 230.711640869105 0
2.77678072473392 225.640163108538 0
2.57695595015938 233.381814679295 0
2.28812976794003 234.289101611853 0
1.52995783587044 206.281607054097 0
4.05722371064367 227.083179686991 0
0.505812432013146 238.058994874469 0
2.21490599616789 232.104559839852 0
2.5247125657542 211.30503784315 0
5.62627949474683 227.33418650058 0
0.921609320155667 210.979522525594 0
3.85186187474377 231.412588765302 0
1.05381260635878 213.401852519209 0
2.55395730792298 229.534477035146 0
2.731886840254 232.301396666991 0
2.22990030495466 229.570281795855 0
2.16377898722943 220.606545749942 0
2.14007788316692 215.234907071365 0
4.90817845296551 212.317126214409 0
5.06825636970147 209.931669447325 0
6.27396857279455 230.437318133582 0
4.26893495056999 232.274716378302 0
0.840812489015047 233.332877660542 0
0.445650392590474 210.040480930064 0
3.35236811016716 230.372809314626 0
0.979108088492183 227.247544995336 0
2.24259181285398 229.811838848069 0
1.72571726280789 228.453427118442 0
1.86798164718541 209.158013265764 0
3.78899561899224 233.332519233642 0
0.14022423829606 230.255907333885 0
2.18422206603367 242.862312486734 0
0.514929541803242 209.88312243728 0
3.6259442478886 230.121081596711 0
3.17109768994207 233.172048954065 0
0.319999604747535 212.210897242348 0
2.60258515897943 212.840458992598 0
3.02862733698102 243.776713589286 0
1.42954800661209 212.061618203869 0
3.09607948221548 232.562128137011 0
1.14842708438418 233.93585315354 0
4.80407512073629 231.521364212649 0
3.37524702726897 211.008302779757 0
6.66604247413209 210.075774622798 0
4.65589271309204 219.107281217985 0
1.08276652577508 210.730399665685 0
0.966917022396117 208.36990997278 0
0.621820167712924 230.374352547857 0
0.860560422242514 213.871077708636 0
1.250076586115 214.741398981425 0
2.27971735051397 226.634881725619 0
3.05484641298377 231.188268470154 0
2.9245107834726 228.654109628215 0
1.04793965212676 232.425128603085 0
1.14291719595178 236.238456015255 0
1.11886968919983 228.854788358018 0
1.74664188218644 232.033912519471 0
5.08173237410431 229.033825949134 0
0.714019992775195 231.731393681467 0
2.45910072647922 231.590477622561 0
2.45590066771656 220.243479601024 0
1.86452858335668 240.133765936908 0
0.866055189444065 231.396561722147 0
0.791336609213234 222.984775299501 0
1.38029019470197 235.874576137451 0
1.37043589113329 226.320011971156 0
1.13436892598692 215.886525444572 0
2.70392756155982 232.270305333678 0
3.41252063628036 208.834415292616 0
0.428210105950519 209.959343472314 0
0.282634624057297 210.691621335247 0
2.26241196251408 211.964476502863 0
2.82879631871767 234.868498093392 0
1.54807527379732 233.135896201941 0
2.6656002863221 233.497757153733 0
3.01269759640142 229.607900488557 0
2.10350305302243 232.535333546801 0
2.62631315396487 233.858907974041 0
1.63278858857804 229.089848603473 0
4.85634259173859 232.605085643737 0
1.24557233879629 231.539385207838 0
1.57368063474198 234.666797717093 0
0.730926154621022 213.604830607941 0
1.51007301185707 233.718004634808 0
2.07139623868864 237.434162483686 0
0.96984688564 230.023493228793 0
0.671876986918318 235.240319244225 0
4.85105443665623 213.234066610551 0
6.98468387269915 228.27311410638 0
2.9767027798354 217.694660124515 0
0.378094106671496 234.670954612878 0
0.8730030158103 210.902478664802 0
1.53242500258771 231.995480837055 0
5.64554987408589 227.063936068179 0
3.93750582131538 236.546468181167 0
5.17751342536721 222.85199005356 0
1.0857310339166 234.612867695032 0
8.19801916211031 208.713839130065 0
4.14152928315159 230.63679241079 0
8.50634267031747 234.289719037108 0
1.21014216776807 240.232106542118 0
1.47795759859313 211.65875967247 0
2.80452341349662 234.483403379661 0
3.72940352498955 228.860634582224 0
2.15627882023503 237.882458495535 0
4.42587008804589 239.420003181082 0
3.76936817252777 222.309647657614 0
1.06015588354796 211.961960702279 0
2.5781004350516 238.642636947721 0
3.43076390830876 215.248946093339 0
2.49688015325503 233.617673120806 0
2.07739541330009 240.915609389035 0
3.24193668870967 236.10947069189 0
1.60571132383346 209.897214602268 0
4.86526146868803 235.452054852721 0
1.36602956126845 229.707645358206 0
0.673540142270811 239.569398501324 0
2.06693236250418 240.524771345265 0
2.62692972808926 210.587673061571 0
4.41630377032352 232.347864513151 0
7.89681407088052 247.327609565176 0
2.22353724346131 230.902059255406 0
1.10885545301957 211.547790853705 0
10.4128255543232 232.042321186241 0
4.24019000722373 251.381746017778 0
4.03889727504389 233.762626118023 0
3.683445035386 231.374131575522 0
4.06993179608776 240.300339860705 0
1.08421568461822 215.48974695785 0
1.57093185626413 217.809514987669 0
2.27466534861338 237.009148866613 0
6.62269678998142 239.505788234832 0
1.78225788170357 220.732081247303 0
1.01624494397618 234.461535159669 0
1.91034602857506 241.623455848755 0
1.71846742804114 210.58714750497 0
5.56405915216281 231.479664110788 0
4.54482826704804 237.252285177247 0
2.13342835610037 239.46395647594 0
0.25610315716154 222.880766417434 0
4.58064842439321 206.773112583342 0
3.54778819150152 235.981918516868 0
1.89977512667602 233.999578330046 0
0.686731503249707 216.961213706544 0
4.65620806367605 235.9057467809 0
0.401188069931494 210.676808105126 0
2.08887866981398 210.324349144666 0
2.00842250591594 233.2253879261 0
2.53698047931093 213.911437516432 0
3.54619712919928 213.860560881362 0
0.5100681838328 242.909422662921 0
4.08375962204628 231.20848623637 0
4.54567271475663 227.516793538975 0
1.69427440140897 221.605433600194 0
0.550329681981224 209.593763346726 0
2.49492897131641 211.084709885712 0
2.68105024285886 234.377950974812 0
5.19667416830202 219.99051968241 0
1.90857842410567 239.863745758245 0
2.39973380256365 246.071589043768 0
2.32077266614541 238.491207413035 0
1.69104120802418 210.323421224844 0
3.73665319602177 207.960417933249 0
4.19977625327047 228.439030865937 0
3.35951203923959 230.555201521877 0
1.20450990077205 228.711226774049 0
1.15368427600741 248.333649487398 0
0.136774422097059 211.638319232349 0
1.90026098547824 236.23400584878 0
2.70565130020604 243.274099407595 0
3.3750369588246 240.011676911062 0
6.31434891432474 230.138355382023 0
6.44985688417552 227.070736280763 0
2.72401956995452 252.006712486171 0
3.74858496160575 211.559509383547 0
2.57768267860044 238.019301551715 0
0.742758718798692 211.708933035385 0
3.66296224079376 230.774757055143 0
3.10028032266422 236.347647115634 0
1.15434560339536 210.229779168157 0
2.58548916948692 235.504950335356 0
2.92781299896626 215.137537367304 0
2.57430572435455 214.249503471114 0
2.07408592027669 230.228484642089 0
3.09448588616734 222.909418295082 0
1.49913813973069 234.24817732117 0
3.87469263142425 229.538408027311 0
5.89654228383173 235.563597794823 0
0.799182737842174 238.522006800439 0
1.55394728287062 211.324921950644 0
3.20808192949 211.454198787792 0
2.70778619932612 210.234553476363 0
1.18289477954458 231.152404052675 0
2.34159950512845 212.189193756116 0
1.88470539850272 216.900470722791 0
3.62352330642781 233.50116593179 0
0.601632116720547 234.779394637494 0
2.47015547260186 232.862789916947 0
4.13000514300449 236.7259436774 0
1.91710808121813 210.65638993062 0
4.4449923603986 226.443035675552 0
0.682478566574588 216.635909968495 0
2.72530965907328 230.849833789786 0
3.2661535992963 229.669458496144 0
2.7773416900377 227.137413486689 0
1.53476498604067 234.29444705905 0
3.08316973188137 231.605975601043 0
0.0901089439616958 207.002247237697 0
1.0151907632861 212.338490934798 0
0.534570824135785 208.99834544788 0
2.56490830899495 228.398757038571 0
1.65059611262967 212.465628028169 0
2.48221394491926 232.667589181274 0
5.62069863657609 213.703594560178 0
5.2303241130328 236.471885031766 0
6.26394883061656 238.182453957924 0
4.53969525432515 237.217110499684 0
5.83357202251776 243.127964334577 0
0.4819694951824 213.128330806774 0
3.22985975353257 240.144060821902 0
5.24973824585072 209.472789416772 0
3.50182704866069 228.35093312141 0
3.78234420641891 220.98264703651 0
1.3661810299114 208.390919931567 0
1.3624887111982 210.366248496414 0
1.57611557006925 216.811457307631 0
5.89462176228487 230.611075927967 0
3.01702820150626 254.167993468992 0
1.47168117180955 222.072819700031 0
1.93815510467242 219.678023992435 0
0.21795281470635 220.370941129894 0
0.872109740735624 214.089122102972 0
2.05213579976813 234.269373034368 0
1.26930214014723 214.476031496426 0
1.82730389089771 225.888412352382 0
1.2854962992605 238.542443546439 0
3.71025531965295 236.656564391139 0
0.316944957758429 221.632069131048 0
3.92429404035277 214.05159641346 0
4.08857216559257 209.679163371454 0
8.59039153192322 236.77506623733 0
3.28204288732314 213.093614266741 0
2.84094824645284 219.854979141945 0
1.19424740365337 218.788981203865 0
5.09372092123823 228.982164202437 0
3.57514593088658 242.087620645514 0
1.70792325659529 235.410647153149 0
4.25255968364552 239.583648076457 0
0.281755219162036 220.977841695385 0
3.28948216524582 214.62403372735 0
4.21865038497189 238.987092869711 0
3.10352044179885 221.348707143525 0
2.48220901176106 218.300620443926 0
1.7012736173168 240.636522298632 0
2.89193189071608 229.643641265122 0
4.44420528774 215.492239826738 0
1.63991596800391 225.879965739578 0
1.41212945146011 215.032366935569 0
0.912797733323075 217.84650307943 0
2.78937336061532 215.808816493636 0
3.06356898442084 219.713414546045 0
1.16429672146773 231.961193761539 0
7.02196772084813 234.380074941381 0
4.18224780759122 234.776111231127 0
0.881020653760731 220.184278924052 0
2.13664380031642 219.441232176967 0
0.733490126648548 234.215743557002 0
2.69899089470309 234.765243335157 0
1.2308575036741 215.747021142725 0
0.71646844349896 217.484773657537 0
2.234190887819 215.512474107239 0
3.40058901606332 231.421572969577 0
1.23350958094706 214.278144276982 0
2.5370279188768 228.972723970351 0
0.634111858218666 231.737228589415 0
0.868405231819619 207.505125928465 0
2.61890489165366 235.738426167534 0
4.60461910551901 234.970135682353 0
0.279300347836184 222.108109982863 0
2.48150850218068 217.587520641523 0
2.48726946845136 231.362512843044 0
2.34433215875093 229.271024361434 0
1.37851923507025 210.226914258934 0
2.7004646918831 240.614180729271 0
1.75407488774862 214.86427884979 0
4.00827660920199 231.208888312152 0
1.61567594225303 237.99847109713 0
0.64545482951892 213.882189822477 0
2.940024904579 221.019271759923 0
3.17078138097661 228.594464708903 0
1.08105910084897 240.46647448497 0
2.35290449164128 238.706673858506 0
2.01224815397316 212.995559082839 0
2.58299592060166 214.239808065297 0
2.71422042603984 219.273942949074 0
4.53894346599883 215.572844444489 0
4.98977801132124 231.215446026477 0
4.82566839595003 215.422560447265 0
3.44643562444416 216.394267921179 0
2.79143247670306 210.712319689746 0
3.19006793623208 233.967798500971 0
4.78960716958771 249.385010826888 0
2.63853578316492 228.802126047647 0
0.30059479452612 213.13455558541 0
0.930646505515214 215.473904571065 0
8.30045500425556 262.397839769844 0
5.47186568284733 247.884618888706 0
3.04957487694006 208.421034451476 0
1.44210143270094 217.818123680734 0
3.38181954652278 230.592277007362 0
1.27397748331897 222.402365205653 0
6.49229898911845 246.425026046351 0
1.06955416073524 214.333433197638 0
3.43013620894599 226.301157018942 0
0.85642793552894 218.16276349632 0
5.06739335317176 226.471017624685 0
4.93239657898902 235.908296448335 0
7.51589968063115 237.536293311658 0
0.0719370641355517 227.345905610885 0
1.69750747208252 213.658058050749 0
3.77993122764061 210.111874970634 0
4.87287369735708 221.23361501712 0
5.84727995936432 210.996349215718 0
5.20066611079075 251.936521856539 0
4.40396940897205 240.795690732451 0
0.527578427188485 215.092572339881 0
1.73429418809288 232.53934646703 0
4.3464659811657 232.450853616642 0
1.86736915797208 243.220161486374 0
0.739859792276946 209.257359562947 0
2.58476713653078 222.351758781639 0
0.44029866353183 225.058433090697 0
2.13865773214053 216.394275389737 0
1.75157486765081 239.127076210572 0
4.17144905230366 237.016056938777 0
3.44315068341911 237.210466066071 0
0.938420969382192 211.976397490377 0
4.62559560922082 238.150974037303 0
0.852452699113644 208.572777075916 0
2.34672835044004 210.249961265024 0
2.19786975746297 234.879071696255 0
2.19838958077439 214.768719217761 0
3.18935460024754 238.416392758516 0
0.90485504386998 226.812469396642 0
1.34111998874725 237.959379424939 0
2.75332516454064 231.579468879337 0
0.265638150563267 216.412362460033 0
7.00190255654615 237.845135392545 0
0.0138931499359506 221.229307439943 0
3.16680560347391 236.859345578398 0
2.94951055143777 228.928522495275 0
3.98204143300355 231.226787050869 0
8.26344504360897 240.380383458865 0
0.799206284676138 217.773253530109 0
4.5022418091113 216.603703258481 0
3.26445755370482 235.127322966082 0
3.11615810275944 234.797452009687 0
7.09967141416727 224.858861591479 0
5.30888642336884 234.392568554854 0
3.67258617541932 213.010233813808 0
0.890669647096815 232.500107581881 0
1.22917251683091 227.167906055687 0
3.04981877192685 219.49453301984 0
0.0963533433207203 219.360577519477 0
1.96951345107815 232.052845944687 0
0.765839296072603 216.270299883023 0
2.6765396234832 211.185737702802 0
1.81025210150087 217.756189662362 0
1.10373613953395 227.205204262365 0
1.08930930978354 247.938415656144 0
3.42794425168752 241.535545203428 0
2.49790313379893 238.676628044438 0
2.42989810713808 222.500162848927 0
2.4043592297205 214.402342357644 0
4.40888534415867 232.346717898979 0
3.28400748538617 234.100440245984 0
8.58685405608786 237.348220042686 0
1.30771476949669 209.941617623747 0
5.80017619225423 229.860761180662 0
0.205107207860259 209.717836361975 0
2.70486370380889 216.641436526723 0
2.66976617438964 232.138285904734 0
3.27890914285787 246.133327249798 0
4.96959880131439 238.914711724088 0
3.02334151328143 210.848499524765 0
7.00432421307652 239.423767264047 0
2.63037366063725 232.331277231302 0
5.76901029671234 210.843022155368 0
2.25373886452542 230.180315271422 0
1.18742927779884 212.496684875561 0
2.02645827561649 233.630906541307 0
3.19611118093116 228.657990798974 0
6.30231779234572 217.36040084496 0
6.02456698972044 234.781753744108 0
2.63790419858729 218.453623236215 0
5.183530720377 234.272480087661 0
0.971711947616947 216.581604072958 0
1.47717329165315 212.604986132916 0
4.31802286358662 214.642389052695 0
3.01702473989061 218.779348499221 0
1.29524804903426 229.209487012289 0
1.92540150233477 237.227528806043 0
3.00076725216878 258.260485365133 0
6.41685590113076 218.733554900617 0
2.23105136692648 239.565308340589 0
1.72748911182095 238.294599590874 0
6.16799799759819 231.053350098954 0
3.22100618181287 208.540929198616 0
1.6909238017319 230.160242926982 0
3.47148637760584 235.26598967511 0
4.22997586723449 219.188692738405 0
5.45365915986963 239.030357412604 0
5.69403601013214 250.073217511166 0
0.974738665260129 218.446427689286 0
1.79682849449286 211.457971746482 0
2.63906508947289 212.07108430346 0
1.01950144106969 230.040486493919 0
2.30825930670552 215.221339530672 0
0.902945221499293 216.675212205256 0
0.91578812469717 228.641755460801 0
4.74642799125727 216.868002313197 0
1.92656768268317 229.78620483233 0
3.38201515103654 211.715418733475 0
3.05543007000526 233.787116094065 0
1.84346853499714 238.332281948165 0
2.55123544909107 216.887287305803 0
3.25778266320105 244.169974229741 0
4.40079856507265 231.403643012058 0
3.49597235088872 237.28217353473 0
3.28190688592808 215.688150110838 0
1.07441138552493 242.252946771174 0
2.46313161365912 230.62373146038 0
3.91579206146602 229.70733860954 0
1.69737435826006 212.179328111444 0
2.01607103224783 217.318779572286 0
0.942155499182236 218.731328442309 0
3.36959471820048 214.36997328586 0
1.07925077204992 213.653025365677 0
3.83642027731845 233.122630340804 0
3.963186467904 232.572986978442 0
2.67502661205664 222.687137295904 0
3.44812651761506 210.088786338905 0
2.77484688293441 235.903820036397 0
0.761127898048235 219.979022078589 0
0.569649247410946 219.070234321473 0
2.02532035380272 220.055860608031 0
3.87670221991085 251.854292713797 0
3.26834534408386 220.057711380763 0
2.90733938164448 221.160691757925 0
2.7365388787762 230.288046417215 0
1.39679010264548 219.842645917109 0
1.53976088880361 214.964936193534 0
4.45756774754231 244.646686060856 0
3.62310909904996 234.107240741319 0
5.27225809404587 229.391868133723 0
1.38799599570132 236.690375002693 0
4.33251060001369 242.059695665963 0
4.98565574892794 236.026809278485 0
0.449031119093202 212.149238266052 0
3.34673195416855 218.5558737798 0
2.19104680284991 234.263700669187 0
2.85913505795083 216.734870866016 0
0.505533726703118 217.67599852248 0
1.80286167448845 240.268377798685 0
1.82601507310909 241.416803378084 0
2.75426305798121 235.047319042906 0
0.756648753081357 224.803845516663 0
1.05175734530572 218.792146870146 0
0.36281990721869 220.23532265474 0
2.70836149941151 239.771346409058 0
2.93794548592286 246.559119137861 0
1.61440816408645 219.120760048315 0
2.72102139528075 231.226682439856 0
3.42248722253915 244.351666374929 0
1.21390400412506 216.022286350289 0
4.63820718241457 233.346287312646 0
6.66457153979897 230.68071338857 0
4.17674468886146 234.342009408054 0
6.61022500702344 232.214177102003 0
0.472376490587508 233.035686013983 0
0.783924192814504 218.532531314 0
5.54165829260151 234.323363480744 0
2.28956710354545 212.113757785828 0
7.57339467178026 231.992242957691 0
4.73217389000191 237.383947239611 0
7.65414518231037 240.977608718779 0
2.21447390948212 240.11866632429 0
0.513509762705579 228.122956451606 0
3.34338778010441 230.676390591979 0
9.71777334542061 217.821796475695 0
0.582649041061857 216.03220099034 0
1.40101363749785 216.667413784008 0
4.19238612207776 236.784075302487 0
8.10472783654553 232.303194112127 0
2.52111381400412 214.307725426052 0
4.26219753437726 239.667374946998 0
3.05308824890175 219.199392799413 0
2.03322857082086 217.862378867495 0
2.19279371523955 219.387331130333 0
1.54141537836787 215.201264124588 0
4.06717005934036 243.910992858373 0
3.90844591524964 234.763173820823 0
1.29170248452754 233.84644583392 0
1.6576754316953 239.054812085348 0
2.08284635784021 231.921787998952 0
0.737843666974681 217.448172324781 0
2.12155090970814 209.542799582969 0
3.25175283111109 226.140200454794 0
0.433571288609958 225.401054348854 0
2.96214993349212 215.049606505967 0
3.36224242228999 240.82577536354 0
0.700907312485417 239.384306263581 0
0.779395137598435 230.842849137667 0
7.52897562185581 233.495611244021 0
3.11493147582931 226.215345901654 0
6.47730663703539 227.913897312612 0
5.15884040227906 225.101809340671 0
1.82803279959568 207.373081071167 0
5.73858449059049 232.941265052007 0
3.88464779588613 212.263628622728 0
2.48285887605228 239.741053339917 0
1.89424668043843 241.744348040097 0
0.851446356266717 231.658715959475 0
6.06553879840889 234.577157180183 0
0.23139980533101 216.967295026397 0
5.5808794790197 242.927697171005 0
0.0516228540874835 214.736304198647 0
1.4596637322452 221.113750905812 0
5.5772585171657 242.596531892995 0
6.04380336496766 231.556997499335 0
7.80090931759791 237.211323994776 0
3.98831600358522 230.87679277527 0
5.63008482722908 240.092754666048 0
5.91561850674757 231.853527880971 0
1.6150153499911 218.241634744059 0
2.2103942172703 236.810778764265 0
2.47811809593343 243.160016706901 0
2.65006193371056 219.493581033347 0
2.47342115266505 233.551038864996 0
2.27362180042728 212.356792383226 0
