# Fix print output for fix p6
0.581722948627475
2.05374092154048
2.00203964113371
-1.16238082406011
0.884999820577474
2.1067357946113
1.17659086367039
1.40350891205119
2.38825519123894
0.900057729621101
1.17897780660034
0.545572110521728
-0.0825476283115721
0.697998156365692
1.74668396608197
4.17615280465016
1.0020062696321
-1.40687998808696
0.0324577179660675
3.41014469599325
1.31141509307297
2.54900821502514
0.903172683800714
2.303810464224
-0.00629908656379862
-1.27751985155043
0.282254372037317
1.70768043972429
0.531274748856011
0.233323732349463
0.842596865599717
0.985798646520432
1.49544293565164
0.5819983053113
1.71176819647907
-0.494676332423239
0.0928336373651055
1.53652436126231
0.902333468854351
2.81379768584846
1.08078741881409
0.437479641382198
0.417930421354311
0.107350594211505
0.103802052827012
0.226179948213979
1.46871969588076
2.79292171204467
0.885927640411002
-0.769907696684437
-0.73394617877785
0.388315187834889
-0.214225568113658
-0.970354017347423
-0.457591456764801
0.062896437234905
-1.14614894040255
4.097713239582
1.38325674756252
1.95095421555217
0.726923863885979
0.00328008133663285
0.915355813020973
-0.798467067807111
1.59752477677989
1.9779919034474
2.31368210919857
0.640853492919921
1.07213584987334
1.65834391999703
-0.389891533782286
-0.88984657955964
2.4304264255752
-1.00220459601951
2.11580833016817
0.833841939246378
1.5034547196664
1.49966936694236
0.628012633159741
0.454452674435453
-0.144538088890225
1.61280608539684
1.97215924714035
1.65676302505857
2.73643798224367
-0.552061123496077
0.455175091909972
-0.115632565118027
0.438810875936792
1.6850555495775
0.708008385125569
1.28538609571638
0.73533366921988
1.25534417967309
-0.0425569204311706
0.243371258448831
-0.0331649715817378
0.837911210774745
1.55651762721329
0.827041248744672
0.182175852026651
0.244787877231612
1.33745211642072
0.393970236068291
0.859882492931625
1.19268417244816
-0.991172251230676
-0.392917528517522
0.133605672821072
1.01514795082639
2.55071796385765
0.577558778405125
2.35459259288803
0.794898261616935
0.290778962283242
0.107486204753012
1.05008063839595
1.21758549539335
0.616212911871569
0.7102153274322
-0.21042814679522
-0.969835062587914
1.18357292501097
0.418317783071866
-0.191667103816914
-0.593711323672582
2.60886795226097
2.56547274650572
1.12646454010154
2.87310717487426
0.246300375738215
-0.325385927316091
1.02536786782458
2.90157273100964
-0.31629319006879
-0.23290615438608
2.14386353697873
1.41127601740451
0.352425258777717
0.108585899429959
-0.202308827515193
0.110417347936184
1.00515580761685
2.11626709607986
1.09910207879254
1.04493561798825
0.157048083052114
1.07349336883521
0.70397264926397
0.0341805102902678
1.53603199734824
-0.625291609294717
-0.976706651797413
0.928492382785207
1.73826259384197
1.37705984212413
0.790272556737426
-1.78130499490703
-0.10349300227496
3.49878660690357
0.750828969664743
0.489028702683907
1.01068768180009
1.67714144416761
-0.431935732732253
1.24552158044867
0.588901923961792
2.08994327193079
1.22863543410681
1.32991620702924
0.707446326207182
0.316623393776141
3.56970189762153
-0.446725368896631
1.05546721038839
2.42213741216924
0.497372586171113
0.36629372378989
1.23766367029265
-1.23245997235883
0.495189779045912
0.0292904407342659
-0.071675022668179
0.185292840547651
0.960818634945181
-0.760860243327051
1.1602516717986
-0.609261633699513
1.56037020279615
0.201139405365833
0.452237773600575
-0.904757912273034
0.306480364582067
1.50321696419828
1.63657127855653
1.13573674455904
0.256838834414324
1.50774530250534
0.398406966611854
0.493206835131455
-0.823118106968027
2.60362740212359
0.791144257790636
-0.196594746358889
2.45527504993582
0.698842805925043
0.410059460938585
0.0894502194721719
1.12778984331797
0.109382741641393
1.84829167293469
0.768093512089504
-0.0532068851314746
0.790326698858066
1.78867168565205
1.41315878502634
0.390846194495512
1.19398495339148
0.387256601854563
2.79767127550783
1.95076372620025
0.587725130803558
0.0071449017798525
-0.714235056255827
0.955507891474436
-0.689510024461412
-0.230757281942864
1.53304483942842
0.576558568370064
2.31327197837749
-0.970820834119639
1.52764477258078
-0.169991636147338
1.35631831966221
1.48366006713167
-0.168759883510506
-0.114417125968098
0.195239779147825
0.443002630235382
0.898727945065287
3.30312112058922
2.45198652805937
1.69538269971683
0.758733096466327
-1.50473493064268
0.598611407064893
1.91770484094257
1.70583524943721
0.119538038092794
-0.633979311152905
0.897865765186098
1.62643356019897
-0.392259384340047
0.874125317127737
-1.19127711270028
1.5041639914669
0.912613731176215
1.66295560745442
-0.279768393087943
-0.558785695773153
0.570920975376956
1.09982302090098
-0.489927796943291
-0.208362418460765
-0.774662913799428
1.69803937033055
0.670783588839895
0.894767094651602
-0.242208091123072
1.14698975500652
-0.0463498624701288
1.17073315664374
0.798278162969173
0.201391768543586
-0.163354598548169
-0.140085993864003
0.332934308649401
-0.917059820493073
0.313108403716673
-0.483420860079278
1.71524154831843
2.66984489015826
1.13405366267601
1.52863430837605
0.292883566926749
0.0392111256013845
1.80797684597741
-0.781092223392532
-0.677434260797168
0.0434783271213714
-0.562208680534148
1.24836800783186
0.203369997740298
0.731213682340253
1.24077564450981
0.318769744536035
-0.384342348283414
0.000127679643731863
1.47866163251221
-0.700110474445092
0.0317540749750299
-1.24513349972434
-0.24534948118021
0.56575040433041
-0.137539772571404
0.290350704430961
1.74522581992476
0.414091805829197
1.32986533352273
1.96108304914048
2.43109305417551
1.14364344084222
0.696415275372009
0.165644377286793
-0.521452727201891
-0.0492272005977734
-0.865824049797662
0.371151252755747
0.483163847653601
0.31797953723125
0.0937073391101304
2.07581926741213
0.797587814721261
1.41988311708703
-0.949671035044135
2.72232871226956
2.09100708003261
1.32016814597629
0.323765318820056
0.749822397590168
0.00453277860155522
-0.0143750613678524
0.452102062681287
1.89257966504551
1.19443646135369
0.298102221786672
-0.849281690378477
0.87268942654288
0.338425230985378
0.977632354038298
0.198866656007642
0.769236990542198
-1.09288438973883
0.36218902777309
2.15824335249941
0.197905331014819
0.0307865748729172
0.54483862415171
0.99319346770647
0.581027519619515
-0.36272342696533
1.65527441779073
0.286219291344539
2.03652342356719
-0.250541093463911
2.85798953583828
1.2534584151485
0.524915064790641
0.211797819161545
0.566869666247883
1.66035100104036
-0.396260505551972
-0.7567287097601
0.253650600211063
1.40413713132549
2.0813505439981
1.4239478688706
-0.625626048340426
1.38665022243635
0.713768957322344
2.74025290927035
0.456535658952194
0.758868122975234
0.885044388133333
1.85342313656795
1.78752181344295
-0.470452882764783
-0.591004538403479
-0.0406078694235819
1.06760216120203
1.26571194756282
0.241035338500016
1.77367279632825
-0.677241722361107
-1.45340068536991
1.45938661110904
0.00308118952519741
1.81495014193694
1.32511698289194
1.22494166316696
-0.00488229171729031
-0.600524142459417
1.99719891203775
1.09155449781732
0.103255265447939
1.71862214117356
-0.683139016756982
-0.0428772680185124
-0.520371229992187
0.844946561007837
1.42309827427203
2.16230339185002
1.49758396007278
1.20928459548647
0.231146545508243
1.3527320344971
1.41770153249166
-0.74614663211424
1.51115637061291
1.22627570378
0.124734515463526
-0.701825018301643
0.264485896364371
1.23653846411347
-0.236941338246594
0.644356989551115
-0.0212354668787627
2.06395280792741
4.61412292963085
-0.5029610233026
-0.441456444713913
-2.24790808207948
5.01909996987466
2.51150531947472
-0.0387931344321627
0.260538418695821
0.326672468027648
-0.468711594573607
1.36256913672574
-0.687107163792166
1.67407788308835
-0.459029470605608
0.573010634411924
-0.2853428630974
2.25452249472808
1.08982553445516
0.533740585814074
-0.53776391580487
1.63988146354888
2.18347920516265
0.206569587459514
-0.767322834411549
0.554999302134391
-1.10675960445361
-0.611898467644168
0.255328618634024
-0.600027454196285
1.39063573005775
0.338835855410822
0.955408876869264
0.74528037241074
0.528443047996828
2.26367109133505
0.947492736642281
2.47460222413832
0.431135401916315
1.26127628870255
0.854273568682193
1.40539145899701
0.237436466977892
-0.530218216890483
3.08538712900219
0.852828745603877
0.576606967152059
1.61691739130763
0.927776081664569
1.84982770497935
1.61099170781695
2.05337604678473
0.432551664141637
-0.608640998710451
2.91216839288155
-0.268147492934168
-0.551517626246552
0.0854512684171027
3.15153159482427
1.35414096532361
1.29214812536354
0.307093916185788
-0.00624786322940434
-0.377364133267471
0.526904810084892
1.36058304101943
0.621114200682136
2.26867331952436
1.16963689821035
-1.42259924770787
0.708661046506205
0.901562002745342
-0.368572720718717
1.04891626139676
-0.0115355532425353
0.672468254554798
2.44302943232372
0.53481402722301
-0.170051297704369
0.245411382665261
1.47646491173634
0.384827467897491
1.3592630031199
-0.074796500528121
0.131120291440596
0.920609756269625
0.329717161645516
0.250950334008773
-0.109152691462371
1.78003687962538
-0.930570226683761
1.57805435055233
-0.79370499869718
1.76093522264688
2.30983145310324
0.843534604867103
-1.85416663169797
-0.00447011535434855
0.470942341343734
0.525817277403433
0.602672358396047
1.21489124814202
-0.343649157793651
-0.21360606099139
1.06428553408919
-0.871032157222288
3.08661214198893
0.299910549520914
0.429186121125005
-0.452240861348018
0.922983999358963
1.64359697349923
0.157240577631997
1.01539553245893
1.50190368084105
0.231417659031289
-0.601021354929778
-0.226815918387881
0.083656152054451
0.21395646671553
0.679544264027972
0.26731161029994
-0.328784176267083
0.66257829586526
-0.224837715001058
0.922975598528878
-0.477704993567858
0.980179696457168
-0.178885096587953
0.693591581890627
1.63510022462298
0.674723341221507
1.32291653394297
0.740935184325389
1.10068414440644
2.0031567168933
1.53048944328016
0.790075485578886
-0.766753870330683
1.2283874758629
-0.340196944838451
0.785917459734096
-0.202129498129122
-1.29180265427325
1.97630165877016
0.971566191285659
-0.597856438853497
0.532373458635958
-0.483165990661776
-0.572236540414094
-0.28538871770511
0.626155686085883
2.22897678485865
-0.281702416608739
0.546116592949246
1.43822472996688
0.106944497142414
2.50392809038111
1.06609825519885
1.96183893940965
1.18330309768992
1.38071122976443
-0.10235885130108
1.13390533608527
-0.910411101249698
0.328161892552863
0.933138416392072
-0.666944947012138
2.05940178049217
-1.4240214360397
1.95900294893181
0.654068585060614
1.68249025339984
2.69489526358471
0.748504195539862
0.683817263098215
1.85076091369662
1.62729269275398
2.1151690862967
3.12087536317078
2.11654544348241
-0.620392827732496
-0.0942440695099035
1.0685363524474
1.41063456189827
0.689961775753972
-1.10059298503314
0.0208661967902172
0.601155197117206
0.166592626528073
1.04983850945267
-1.13197779139844
-0.422559556561641
0.0509912296272878
2.91614988873921
1.98413824481621
2.52994839849359
-0.462445288492419
1.20092211689362
2.69270401723885
1.71065268784421
2.15767095521263
3.69430413340925e-05
2.16392792966476
2.28851633312385
0.218448183272543
1.80773119403625
0.959888730647281
0.372471802210841
0.538679451548073
1.6028928521703
1.23502582479837
-1.35608992886867
-0.971955795253658
1.73765017693183
1.37068112214228
2.14311225420667
1.93433088213187
1.79840433991734
-1.15908569189732
0.770029005584131
0.911924744150541
2.09975873187551
-0.0608201609602091
0.786891956628146
-0.228376348993955
1.18844449261852
0.877736903807465
0.11432241317841
-0.159319188935709
1.73970436197112
0.151552399538284
0.634978872902032
-1.09162799719215
0.00736214485218983
0.289368411051672
0.529130746878794
1.045610774173
-1.04811273564109
-0.211505639327757
0.233835121103178
-0.412398728173844
0.255623278903631
1.64044901937304
0.991163336607137
0.776814974147431
1.14547448990648
-0.111310841502644
1.38549646814753
1.10606512428105
3.07634969872551
0.704938937791606
1.59621564450203
0.0988110248697745
-0.682328263714322
1.97296433033057
-0.318187914342613
0.91038573958413
0.514869135575935
-0.446817981713325
2.69766588192767
-0.95069549205033
1.53363384414307
0.526949738727409
0.646570384443061
-0.0451931152398378
1.51260397164896
2.88568267558314
-0.0181778274865853
-0.430297885683007
-0.277734857161418
0.00149667694933874
1.00223474266662
0.125864162913539
-0.858995113275676
0.421621432916895
1.57283607262623
0.496131469428951
0.665924599684652
0.639327864254953
1.90474395124611
0.901709874143053
-0.310474406754237
0.477705878698232
-0.230118403289385
1.81306376570018
2.92964814938655
-0.580239043612368
-0.150783960574282
1.08748258354512
0.122918224342182
1.36597863522762
0.825479814449302
0.613232654557375
1.9547000234464
2.18420474945987
0.851947871152885
1.92094848682323
0.394660090026501
1.76989919989672
0.921084842257998
1.302612043927
-0.0774897582207145
0.0264107756515235
0.366402751439826
-0.725192934092876
0.590846136410038
2.96045915798229
0.109437446313475
0.659547737712753
-1.84191080544801
0.47858979917441
-2.00779910085439
-0.283876323754037
-0.676372146523761
0.365455631046515
0.559175569988648
-0.280093611516863
-0.115888055120988
0.0301162936247914
1.91129185381107
-0.183013257189705
-0.474528066060612
-0.473411339579655
1.70281890721126
2.45680087111162
-0.71677666444995
-0.399831208705666
-0.546873448220328
-0.717857078808378
1.92904119437851
0.320539168620999
0.731650879716789
-0.46863403622
-0.120164512525254
-0.183290569142498
-0.453815585611033
-1.17022064420016
-0.581139052444141
0.922852405130814
-0.649328360646405
-0.225698103467659
1.52269556241364
0.969372636508539
-1.19880660860104
-0.40420040142495
1.74081925388491
0.13106330489884
-0.165173401967869
-0.359123868268257
-1.30069822973714
1.2680629409066
-1.46425488923772
-0.353611166178595
0.635845322467311
-0.230929729422785
0.282655669804137
1.90975702509417
-0.712392969606776
-0.926590581583606
0.0174275255143534
0.673912455866676
0.00723439186627077
0.270237563609355
-1.30427746731352
0.523187695380593
0.495726204273418
0.278085538195373
0.44748379999165
0.0111769782104696
-0.319332526871406
-0.834747201514148
-0.0881058278210079
1.99717976132677
-0.570604168290834
0.143000552143721
0.595467134516425
1.25624825280142
-0.220437602615026
-0.240377050487233
3.13964995162357
2.9567290786654
0.112105739826571
-0.525877577559847
-0.569848996558445
1.97026898316581
0.102667332170289
0.191228783928713
-0.100371342098204
-1.83633079033556
-1.73150680744314
0.842017155886691
1.38345513789595
2.26933842168777
-0.734461443071287
-0.769506397118445
0.482023931288768
2.55804959556456
-0.538713201772277
-0.220034785684485
-0.0447411028831819
0.910392072459798
1.66407655766551
2.12600590469897
2.28838149969738
1.67408053610076
0.684863590611293
3.05991310404883
1.07888871031497
0.949804614238895
0.342315048756237
-1.28140423116533
-0.821277851930171
-0.265249472495283
-1.04986170247791
1.21717602551011
-0.0893193142003202
-0.283271986575578
0.384108509055486
0.239003633150386
1.77516542390545
1.00848662165573
1.2994067858678
-2.00513179219238
0.279441795669263
1.42955991783209
-1.05613102793355
1.24982884645325
-1.72900739245296
1.60874655799664
1.5904446456091
0.336442076357812
0.467475479016867
0.827991971988449
0.939918501893944
1.48186992871697
2.28840100266408
1.52757876820946
0.0242506978278616
0.257848594699938
0.742737645192865
0.506613534755093
0.803665995083871
-1.46116673545614
0.510641198560281
0.0889228065339732
-0.0653880404257446
0.766966636233058
-0.440702905969456
1.89745840896987
0.234841402253062
0.745481818780215
-1.03740850028979
-1.20624688304234
0.594059972290997
0.0872365097977854
1.29235557096291
1.22060865651286
1.29045702290228
-0.38737576846105
-0.0144797757354431
1.87406885612185
3.91348329722212
2.94593440034004
1.23193050371146
1.6772842997486
1.07166202680028
-0.278927033088194
-0.397708145394215
-0.623766173389909
1.09237245827892
0.142881298588119
2.44539939819193
2.43075257961436
0.0758351918871538
1.3259278740246
-1.24838717402311
-0.455285797103628
-0.266216847943977
-0.759489771541966
-0.672044678687987
1.78298777466078
1.92286316263318
1.06970254094146
0.716748725116475
0.260951180984417
0.0987528831809575
0.506223515715063
1.55155546552209
-0.130664055702174
0.604084820538196
-1.28776182008596
-0.719885663978172
-1.08793207424454
-0.727723995886915
0.796777566911327
-1.9884692614826
-0.418339024945297
0.533078662337077
0.601563520909038
0.632402098556595
1.6366303941006
-0.524623490769325
0.728761435117922
-0.43523900436634
-0.867002930191106
-0.373818066357291
-1.74411993875875
0.785974506290948
0.088266602572995
0.550628043014218
-0.294052646122264
0.683212301978216
-0.452966794750538
-1.39469410261602
-1.60541256237975
0.697759963341038
0.306234036564946
1.35722368281358
0.607551060138675
1.05983688678212
-0.297050339607969
-0.170888367763751
-1.05861760161787
0.261304455841796
0.300746169488183
0.055254087404008
0.0320013998837085
-0.757529114651279
0.639986282467946
-0.148868576347456
-0.307675676963886
1.47576348829227
-0.930478059258826
1.24921711295332
-0.406883693127607
0.777018370256876
-0.963373629641228
-0.22060544472607
-0.359908875330349
-0.256970701330085
-1.02644270142397
0.472442182077735
1.73244711524952
0.259430697366219
1.59273150380555
-0.17730431080621
-1.41530014475244
-1.5901665994305
2.89333595240677
1.90918220128829
-1.12682237959727
0.00577663473841488
0.873980114215254
0.169400327449382
0.848698133374783
1.01566334024518
0.215484036028715
1.90513534080205
0.194661150236696
-1.51016190216245
-0.0692739779010644
0.0868785362138174
0.260699249682164
1.59023944579938
1.88135872306588
0.0673357633296727
-2.46197615178061
0.999004803178189
0.0589070154461776
-0.839212714686877
-1.31338238526458
1.89391369399354
1.16133939419893
0.114464272860852
-0.0695968156808837
-0.430349250894844
-0.769952235140311
-0.391158925675408
-0.314032281408155
3.55083177274365
0.13877739700473
-0.466481311515435
-0.582184242797418
0.0470017046547689
-0.360745006121632
0.25910928362034
1.30145377512317
0.778701974115335
0.798157585903479
-0.162213558998956
2.04403041076028
2.11057491984878
1.78665766064683
0.990768321733572
0.674489673414833
1.03996254814272
0.902732210378777
2.09883471992441
0.0381244002848155
1.08352213857916
0.576792460380659
1.46014583492665
1.75775121493166
0.288399052738959
2.06177231092264
-1.62721436010164
-0.655414857233374
2.07492141863171
1.02017834998499
1.02373047784399
1.15246940447509
1.76054332248278
0.204557595014737
0.00914393728003221
-0.0690509120261639
-0.250547602929761
-0.122049062704037
2.41629520499363
1.617406392992
