# Fix print output for fix tr3
-2.56695626414659 3.13296443202334 -1.47572491417877
-2.81591949906599 3.18410519018933 -0.945300965609563
-2.70938650517119 3.19319660224056 -0.609238883157013
-3.28597765040225 2.64774886814204 -0.399906267021099
-3.36647830038093 2.52651272158513 -0.696112776617293
-3.32907319636425 2.42532933475551 -0.88540583923867
-3.16441554580778 2.81896258510429 -0.628164219979464
-3.07237495011075 2.65215446375465 -0.845947672553702
-2.99409068053079 2.24190499093668 -0.746256779887964
-2.61703107747831 2.45911608000808 -0.604095409973775
-2.82218601335321 3.1346723108289 -1.19734643129957
-2.55462371044674 3.27397462367554 -1.59807332184717
-3.12459664629329 2.91593976367792 -0.578299232922132
-3.11860195867324 2.91277989179138 0.103451646613956
-2.9732414271591 3.35496154914266 0.196622911209996
-2.26635092558935 3.51267938278415 0.230951815269378
-2.91099727172577 3.57486385774435 0.459327042974183
-1.69396425652574 3.82398372585321 0.276560588113194
-1.24145640056826 3.15792365728627 0.414442469260538
-1.438480479579 3.06783477925232 0.209345692498639
-1.8678970472875 3.15678037385865 0.413503006642528
-1.82336418560567 2.84942398659172 0.696213190891009
-2.16689128228326 3.0025948812614 0.469073010488007
-2.24516284363395 3.53682143821319 0.409469231211186
-2.20521059107773 3.75770655659914 -0.0272928808089037
-1.86664983689615 3.9712304224847 0.183732421318652
-1.56098944455045 3.6030420358022 -0.142302840205062
-1.81910508288195 3.74161485658472 0.00343449915581821
-2.61309312148858 3.51253098701794 -0.936380097352597
-2.62738472577953 3.77634393631415 -0.264364568678146
-3.04511196878111 3.17673482863358 -0.149448812161787
-2.98845329782717 3.15578042105578 -0.0045957161590948
-2.73281094759314 3.3933170685371 -0.0381028701646001
-2.54423957696021 3.73245300346092 -0.10877690950885
-2.82694298996433 3.27004774434359 -0.77831494073851
-3.10940929717552 2.29948237209445 -0.240789909792568
-3.15469183259642 2.85227133156739 -0.0998440084070262
-2.95492799418911 3.09250435759053 -0.129753866713569
-2.83313891291183 2.87117017184299 -0.131031370391195
-3.6823570597274 2.27832789407561 -0.430598026364134
-3.14996671041619 1.47914781962908 -0.796685376614401
-2.62551013512715 1.29069255530666 -0.790398334394185
-2.79235810466847 1.33778125137691 -0.521025661666847
-2.19727384338932 2.27305613128502 -0.514717489406543
-2.02665655533442 2.75160342102376 -0.722872392593342
-2.76499656797411 2.85015561804223 -0.612347975208746
-2.7770865039423 3.07456642105418 -1.64687436462587
-2.69880981678825 2.84922392791359 -1.93553312856989
-2.39296999571247 2.42602646237741 -1.50104028298804
-2.36665759073361 2.00004256115518 -1.3545099578188
-2.28024671777334 1.60832262110756 -1.59987742580645
-2.92099715232649 2.00490223779905 -1.29696011240971
-3.37023480426916 2.16208761791598 -1.43416830896991
-3.46008493787204 1.93190910101566 -0.948339065717151
-3.69100816847356 1.46403699521417 -0.800048164969122
-3.61541130454362 0.588313328797472 -1.13225307936307
-3.637501040618 0.761265928577872 -1.28189198041855
-3.64698220621109 0.487276705533091 -0.905679700313175
-3.13398104549148 0.590927601286729 -0.717693343498577
-3.38846997774892 0.474426148756974 -0.821277378057072
-3.45332611149366 0.5179067486539 -0.700919875630932
-4.06640005441523 1.14185972243108 0.603443087948354
-3.94811760855562 1.01759685808092 0.831995678869996
-3.98856083625873 0.295218476906867 0.727227117986797
-4.25200244811009 0.35771039406025 -0.184416838378379
-4.26301996375501 0.533691734817762 -0.246460407661393
-4.4462851640842 1.38646117676261 -0.403455211474323
-4.29611261033974 0.715235662281874 -1.05950723356342
-3.9778126054627 0.101400058116149 -1.08193496158254
-4.14666544481272 0.885941574501002 -0.888988972947649
-3.86516061973467 1.29968995795659 -1.67193539046361
-3.71398495952334 1.0393073107613 -1.00714687608779
-3.50885185402401 0.042579923340559 -0.254098874925899
-3.99953719441528 0.336482003384189 -0.569395294829411
-4.65516735767187 0.442798825602058 -1.23736819687451
-4.3225652324383 0.882727317760282 -1.25958037875458
-4.0021704018725 0.95191658559844 -1.60775031121726
-4.1740202395217 0.892368717331278 -2.07105966542907
-4.01851671955439 1.05439806189839 -2.01335734534498
-3.98931697512053 0.94208961022083 -1.91460058455859
-4.3677367105588 0.937413794264542 -1.3139431262186
-4.54081598938383 0.474305226015939 -1.39020850473314
-4.6591372551665 0.348527470993984 -2.31046518028794
-4.7159381224629 -0.355592790576611 -1.93222033413707
-4.51116578289977 -0.0725182048585303 -2.10358988560186
-3.83874186465017 0.00548129814307466 -2.76980316719997
-3.87853572190319 0.448320633271115 -2.34630289248621
-4.36236953084419 -0.00822628379357726 -2.71396863333024
-4.43462954403097 -0.290315015432124 -1.68679608570414
-3.79830911665329 -0.158259407873916 -1.48994173653044
-3.91377410180704 -0.883792629552 -2.31284338347164
-4.21342869659548 -0.403116507571304 -1.79367843217256
-4.31669293571221 -0.676662461160053 -1.21718171001576
-4.60698274081475 -0.741093804362198 -1.13160362998617
-4.23410615832733 -0.174020165301504 -1.46270275453148
-4.42626705100746 -0.304880458856844 -1.3178003451026
-4.36658607101875 -0.211201647401702 -1.31653060711275
-4.55661041113682 -0.219410843492668 -1.7020883595487
-4.19870057695972 -0.710826969562708 -2.47958505803044
-3.62510566540074 -0.923560296859445 -2.48895872157048
-3.44943217174599 -0.578813661516584 -2.3950963543217
-3.0709899734461 -0.154791156689564 -2.16798429298519
-3.17601561619494 0.0883145153545302 -2.12601333412986
-3.71115307061779 -0.27829867495752 -1.86948375465707
-3.2908078451237 -0.82386228297386 -2.25589735124932
-3.78764250904598 -0.309465816610025 -2.50783889340192
-4.12384179173444 0.000634941358309841 -2.67483478097835
-4.76552310769968 0.0330637516940986 -2.45230289861997
-4.53366762609815 -0.117334936193677 -2.63274169928478
-4.41536672263437 -0.104133766833555 -2.44749159504178
-4.6707477195775 -0.386635001387306 -1.48122971387511
-3.84760315751231 -0.128305053723265 -1.36587163765431
-3.61356817325679 -0.272443526636451 -1.5998388578738
-4.67111985839868 0.0111339514417739 -2.23368506816556
-4.60654670784717 0.036675176947365 -2.46390921627612
-4.30793379861188 -0.182915374280614 -2.38937352642117
-4.21569333858616 -0.56064238715756 -1.89016844812642
-4.54133961271378 0.366321012214869 -2.23944948375768
-3.70040137455871 -0.490390951621041 -1.6416988175188
-4.01883445425184 -1.09559305619274 -2.1809587005707
-3.57104084890657 -0.444452618234766 -2.3267590004694
-4.10695464981744 -1.11398225798974 -2.29661179965552
-4.26721432335021 -0.781267696471506 -2.48590172632423
-3.39458416294575 -0.656099664668469 -1.47979434068211
-3.57730893968388 -0.545530148781635 -1.52752141522192
-3.22237632764004 -0.773624160483617 -1.58922344959788
-3.39497188213904 -0.751609707151689 -1.67567150626658
-3.29485229421104 -0.105778006918298 -2.2165885808947
-3.28633899699314 -0.492890329061898 -2.86542473181623
-4.46157385999301 -0.187612608977601 -2.37814986862617
-4.51432546554616 -0.0828097733763319 -2.26089637735963
-3.91809821698207 -0.454374464932831 -2.43310671271636
-4.29419142876904 0.0753920409127513 -2.05625985863751
-4.31826725765388 -0.0289239609614759 -1.59307992960761
-4.24188125406632 -0.466959318059979 -1.75050714437112
-4.22941880778062 -0.259428090126773 -1.59461100821577
-4.76284944420116 -0.261108040732862 -1.72562185926369
-4.0162912208466 0.127051731124869 -2.10155755271999
-4.0226003985462 0.152162799841559 -2.71010863416315
-3.68968366887728 -0.101421006286428 -3.05251077457964
-3.66906182254829 0.0482254836671583 -3.17484093598243
-3.3002736002947 -0.50948504974007 -2.36408529468913
-3.6051687330624 -0.844028677925028 -2.84508310261396
-3.66689899336614 -0.564673473773977 -2.4291779809949
-3.45809582847193 -0.855916816118547 -2.57762962545646
-3.59419552231402 -1.04066957654946 -2.75986322272024
-3.67686205937092 -0.338854527529428 -2.98032859234834
-3.87282607376785 0.403630384212288 -2.67942918457474
-3.83192550779363 0.227050277516421 -2.5803848689874
-3.23673284343253 -1.26829603566113 -2.03666435681279
-2.63723317662842 -1.18388510491154 -2.37222221445332
-3.16561049440678 -0.408369738319464 -3.10703147311415
-3.36290817506811 -0.773188092150793 -2.8525707315951
-3.04196474024869 -1.16983465675278 -3.06950903435548
-2.43427351315883 -1.56400321200355 -2.39462650594925
-2.68117424878363 -2.00166377385656 -2.7996422084804
-2.34574842919324 -1.47669833079824 -2.16372775853888
-2.45849969933091 -1.81708463194211 -2.08483489648543
-3.01788408138932 -1.45906872778775 -2.6800920031852
-2.68430326774881 -1.67014012342265 -1.77850052959341
-2.72686587885172 -1.00509086401182 -1.99015131043407
-3.07652934312256 -1.65706027976657 -2.26950072735826
-3.14272479907026 -1.90679427163206 -1.77910097332116
-2.82264273035657 -1.23790612074763 -2.11540016503762
-3.106859267849 -1.10430976891958 -2.79617071255914
-3.0200317601056 -1.12107964800711 -2.33420223595673
-3.39943636365969 -1.14600511899127 -2.69087904312346
-2.77054749680466 -1.44838645347605 -3.00055877387352
-1.73616914427364 -1.42505664706945 -2.97120949831024
-1.46406373488155 -1.01230355245424 -4.22443552908709
-1.6941444772103 -0.579091354640984 -4.07921589358946
-2.27575382467852 0.0543320393588762 -3.87774241695355
-1.45056244330606 0.473591478269579 -3.84371191046341
-2.09035039225598 0.897434849488841 -3.46888354526978
-2.19760815738021 0.547623871020643 -3.5416426691273
-1.40033387986853 -0.146228389421163 -3.65627464745181
-1.72884589290327 -0.306359367066017 -3.93895178337684
-2.17523413965615 -0.0553310642398645 -3.97410369731522
-2.21366917861553 0.113265214390121 -3.88427580557822
-1.8284847515837 -0.470348714194764 -3.50896067478235
-2.72425232467446 0.00824229501845691 -2.54275449357517
-2.92487568643237 -0.471391297774993 -2.63967878000112
-3.16091429401105 -0.415565661030542 -2.93572860565962
-2.28541539027873 -0.761477420447895 -3.09050249737381
-2.87768064715154 -0.15155528119074 -3.53221455539806
-3.12644998935838 0.220243525706818 -3.22897832754285
-2.36356741571863 0.462178813939681 -3.39406303197421
-2.22184519710476 -0.619177986627918 -3.38592132945007
-2.08161321417646 -0.706492020990552 -3.52865615666291
-1.603816957115 -1.2570114620376 -3.70995635640455
-1.82175132597128 -0.815605988433468 -3.98494830487447
-1.82783347531915 -0.902469161458591 -3.84328052289772
-1.51201051911586 -0.773107128882994 -3.61776632122214
-1.45561820869869 -0.0885710656682741 -4.16988553042821
-1.97188206057324 -0.464697936118299 -3.61046674013893
-1.45883479848187 -0.665319888116907 -4.008881210447
-1.43087295977263 -0.628573425208454 -3.65605716444267
-1.72007867754397 -0.127392833806255 -3.30677951623113
-1.17596739392094 -0.748459736093222 -3.81767103238516
-1.29965676907655 -0.657898852402636 -2.99143081978861
-1.66497853751742 -0.417302479709365 -2.84204634895354
-1.46316555834355 -0.989651795799288 -2.66155535258995
-2.17581133114896 -1.41302619581227 -3.32092014099638
-1.71911908033329 -1.14549445359115 -2.15008688730244
-2.43286425779091 -0.6567249258243 -3.63324676825533
-1.99065734303234 -0.0332849059713753 -3.46340271693212
-2.86966139843644 -0.189512691599932 -3.20721012211229
-2.98777563456335 -0.0638324050741012 -2.42250267223753
-2.63602921300474 0.538297523576715 -2.6603872886543
-2.99128265784208 0.852611489018803 -2.95433061009477
-2.38460149337136 0.530022923723403 -3.00119829315316
-2.73828930142876 0.324921692777899 -3.04719259461579
-2.10932990968203 0.152384893022886 -2.78862030388305
-2.54876595731443 -0.327212357577843 -1.88440401654467
-1.135452470483 0.569066733113208 -2.21022360721014
-1.0628694738558 0.226097077344587 -1.57108844397124
-1.49584703038585 0.554955235117184 -1.86951554678641
-0.74384156518156 0.899200525486814 -2.28833900474297
-1.26386824178561 0.898737231413848 -2.11633956239845
-1.56987224882926 0.579209466366682 -1.69732770959172
-1.5025478990409 1.35404898179665 -1.3153532957033
-0.288871793458189 2.2124926484673 -1.67823623461574
-0.0393463743122265 1.98060770121031 -1.05574758457724
-0.0936918095215305 1.70455277520826 -1.05430703784382
0.651247120672637 1.3027606426841 -1.06270132837861
0.718092628763283 1.72588684761106 -0.595949196520088
0.0740425175409728 2.24973801490306 -0.273802999157872
-0.594463820988407 2.26552375709418 -0.262216398048375
-1.19206925398779 1.95253980956804 -0.705225703294308
-0.896548743121227 1.74192668089161 -1.1024516166481
-0.123101191726803 1.72395389257473 -1.22755963082388
-0.297284571414991 0.829833275598118 -1.88368117207268
0.107077196383203 0.275800477852942 -1.94928065206351
0.394143762271195 0.0859442387149019 -1.61455435942261
0.999683593343969 0.22074019690122 -2.00511194994502
0.459214921852094 -0.196266299853837 -1.48115630508876
-0.629291536577816 -0.36867468055522 -0.684171095947232
-0.94692861006858 -0.455317276812894 -0.337189441339848
-0.357713258171126 0.0841334491317369 -0.887013530009515
-0.140546313262984 0.416902705293876 -1.57848859834994
0.223841602604319 0.478438885485339 -1.53767529676362
0.25352654858253 0.429096494943918 -2.15393300373318
0.127223622994939 1.24469356588167 -2.10017517555477
-0.461456480413733 2.07862551978036 -2.4524905518229
0.229506729451245 2.1315546976099 -2.57656643938994
-0.0878060393220975 2.54549827852269 -2.53460261731714
0.49913922776435 2.9085149673998 -2.01502816692362
-0.268141042992064 2.82939251542753 -1.26516697271822
-0.748535541670767 2.00356425999279 -1.92167997685759
-0.852710012710034 2.1877723359024 -2.04505639682592
-0.944604993467325 1.73891010660043 -0.976076180409026
-1.09736803717504 1.39650143029072 -1.7666453753449
-0.501772260075838 1.51301390996397 -2.14599142895733
-1.01127341389259 2.13068907072074 -2.50695668153849
-0.214852517741187 1.29940303938777 -2.34004082326238
-0.677524862156461 1.79812103398649 -1.80520684186833
-0.321264471479217 1.68177895291683 -1.70362387090671
-0.66631511039513 0.257761901802926 -1.67445465735977
-0.157166366406885 0.67227496892957 -1.97699909212661
0.16039842944447 0.70229555270877 -3.40503184958645
0.238135875483903 1.6459963844079 -2.89133067236271
0.805547169096824 1.17836044617888 -3.59692569243025
0.56461737303462 0.923943800872838 -3.01230053195742
-0.144856848588763 1.30229103434268 -3.03526958011794
-0.874391113017104 0.867208069875666 -2.91458091278084
-0.961657196167774 -0.12100302854146 -3.07651541558952
-0.603938424587277 -0.143713655519201 -4.25136959285511
0.060040931431815 0.0748421539632316 -3.88357957619405
-0.382167761549079 0.0377733342204036 -4.62360258236548
-0.0397454629240808 -0.153369473819294 -4.32323771772235
-0.167305275397991 0.186880554623232 -4.24187202733545
-0.358166014731549 -0.113947139362468 -3.81485955894461
-0.808597306350497 -0.120060274841819 -4.59279735798864
-0.420132997065953 0.315720725375489 -4.58381098094739
-0.499499054324905 -0.131521358696379 -3.82362301317035
0.0979039098636098 -0.482894632045395 -4.57257218740727
0.120137118853627 -0.511469648867923 -4.85406012211085
-0.367149847430918 -0.161008137959432 -4.18176796588712
-0.00762457810389631 -0.172626042094142 -4.05468658339392
0.707559571324341 -0.357614377997991 -3.98086050836999
0.817539011666236 -0.449396032372307 -4.05091040667779
0.310509215830635 -0.544650887214136 -4.27155661715283
-0.167080060019394 -0.437920168362577 -3.99225837112833
-0.158522128461821 0.139351338653772 -3.70831165342185
-0.52530724640818 0.982403546263077 -3.72548345695886
-1.17039838162311 0.833464166340241 -4.13136005637323
-1.13902369316275 -0.446095396362595 -3.60877882352719
-1.2478976905361 0.343487008663352 -3.83228229253591
-1.36041384501321 -0.0138093008982935 -4.22223824914956
-0.84735840492381 -0.0530860618386331 -4.71424104816277
0.12085171569116 0.831163495084077 -4.59610602501095
-0.0655826250755623 0.46989511767319 -4.32408303244391
-0.397706002670404 -0.0630245109792525 -4.63655657503027
-0.530661396662637 0.18181294710239 -4.56838098864202
-0.0870655850562048 -0.615818455733047 -4.20974985934343
-0.761748040890153 -1.27144619623859 -4.10993032290884
-0.85546865185134 -1.1872044398822 -3.41214500566681
-0.204240951681617 -0.749867388523174 -3.38235576358094
0.197892464536416 -0.728662037646374 -4.48557582849388
-0.419391041214033 0.996113008070156 -4.26326602788311
0.0426446398981231 1.74271247803309 -3.90218373339203
-0.304508635875478 1.46720548752568 -4.09127864959963
-0.920586046187965 0.825887080650514 -3.6553564026434
-0.829683177172583 1.21154329382163 -2.72452919100076
-1.04748883733386 0.901719287612331 -2.66561235887731
-1.29041341224798 0.692781306884454 -3.13037996538409
-1.24354504534175 1.21864985305818 -3.31001115595385
-1.03920790709486 1.86837453481521 -3.62259560596457
-0.817455953169366 2.12780930418697 -3.91050379419902
-0.830919234711195 1.23045558730742 -4.07998850974489
-0.664725793269683 0.136503865529115 -3.65303637652266
-0.461569535817655 0.333566771840977 -3.38417155335631
-0.436513398002772 0.373944303074515 -3.05631067692459
-0.718103542869549 -0.791809894252358 -2.81405654028844
-0.526618020156036 -0.778973236678085 -3.68983061430465
-0.560278205246998 -0.81208764743961 -3.60144878187682
-0.759905142009733 -0.5225094917126 -4.54960810433588
0.279758604500958 0.198004598062941 -4.62595979014511
-0.436812062930691 0.180691374584182 -4.23138332115027
-0.521910298046492 0.257423021739491 -4.59888477047637
-0.0705849318110764 -0.402450082389901 -4.88548613452178
-0.176274228915916 0.252627207909413 -4.50666338842686
0.0796754880301213 -0.00946149787492073 -4.6589970581111
-0.142274468323086 0.620351994499705 -4.38384187813575
0.61124662770938 0.667343424753507 -3.95544309221818
0.754052998297655 1.1798968728865 -4.13550715193342
0.236894092032653 0.342472717985404 -3.83850586416553
0.751277489827141 0.623653391820289 -3.85084482289719
0.394164632351751 1.3156227186289 -3.47048857877886
0.0356178259760436 1.51008382635959 -3.73342805251148
-0.486711429676284 1.30744318234532 -3.12075600792235
-0.345068121894622 1.41260277825118 -2.6851525961435
-0.178774722611404 1.54609628951262 -2.94330603954329
-1.28659936673282 1.67271704970694 -3.88986001605142
-1.68552591121155 0.66567841811108 -3.93142421183574
-1.56732413055072 1.1653878768473 -3.65186082374998
-1.71160206673064 0.545993430709723 -4.11119159886962
-1.35866867425555 -0.229742195497763 -3.61266126009919
-1.67527932423272 0.0660462121834366 -3.90972037387304
-2.04292598956326 0.38488447978493 -2.51882602947739
-1.6652136528177 0.851726101937326 -2.67943339539207
-1.4969632218922 1.20831728359718 -3.74823965511863
-1.75354762132714 0.392929684679963 -3.98373108835945
-0.394267463305934 0.00533500242953331 -3.82291397026421
-0.232730210797133 0.365113904398325 -3.59713096723404
-0.719151642263972 0.656719603989124 -4.02795418481516
-0.0322260188525469 0.693037226408472 -3.44276081322821
0.00268552279846612 0.908261350806263 -3.11722906120649
-0.0726642373345021 1.5367475675839 -3.92892877262748
0.828254226400803 1.10696594244453 -3.91305435530992
1.14495467015721 0.746445886408739 -2.82693332060369
0.841049785755958 0.666937197506716 -3.1616880562778
0.806630694398493 1.00327681963239 -3.1535081434454
0.505251088879632 0.170607728203319 -3.82523234278483
-0.295646734528412 -0.249918549132648 -4.49658237856863
-0.790589101822443 0.288142480660033 -4.26889416700627
0.290832909277136 -1.32083132328208 -4.13202865410804
0.085281472872643 -0.346627718283216 -4.37857475612609
0.216900661462338 -0.485910159363314 -4.57983267509429
-0.737444077110339 -0.489810133926955 -3.44405271788014
-0.116612678779618 -0.255507569550519 -3.8791143150683
-0.737211596084633 -0.704077011377451 -4.47990432665078
-0.771120002315877 -0.494101140486749 -3.53616550905245
-1.16839788781675 -0.687695534158253 -3.36940283840521
-0.119211925748524 -0.900608759129243 -2.58574126263066
1.0678211617314 -1.27267747447541 -3.70557845261874
1.79627790457472 -1.07157577836685 -3.74046812557091
1.96099811676407 -1.70342116435502 -3.41069417454667
2.11557789113763 -0.737657551095779 -3.09242237609258
2.33864098396541 0.0200500393067993 -2.20316029385904
3.24123725457094 -0.436752259234752 -2.59088901899414
3.53639039983566 -0.282060715146794 -2.33906080843642
3.99298649865355 -0.886286541623602 -1.63963479862105
3.52524211764712 -0.873774241414385 -2.28427049400588
3.79474206609965 -0.466466740707024 -2.41321077928034
2.94730470592615 -0.584259110358191 -2.44371390842926
2.77974626182659 0.11742773240365 -2.7707926684192
2.41318685774 0.627758943426783 -3.05626111369272
2.37396282369402 0.364811053652882 -3.42647558820059
2.26712017750073 1.25712947068961 -3.05710703885993
2.02732157149008 2.00366506687933 -2.66383361440307
2.02555758575278 1.32212792120721 -3.29363772561083
1.74702153461893 1.5402995617132 -3.50767708520045
2.31921940184882 0.502574680612497 -2.44937236566595
2.1122468264553 0.696466844065089 -3.26041492387623
1.70658311465286 0.154985041151199 -3.92112803042475
1.12078698164482 1.01959131393427 -4.25190472103383
1.24480624609193 0.195539624871608 -3.67774251763793
1.78498375221375 1.16491474261768 -3.98932650507536
1.10311897478797 1.60183955274123 -2.65888933332398
1.68200717293426 2.30613254670112 -2.02666368196444
1.60809578261753 2.57359844126272 -2.89970306749553
1.55234442634855 2.2148964500884 -3.49331188973513
1.81373660338378 1.94247527006892 -3.46750230264359
1.90137720230161 1.20317090203399 -3.52254132300229
1.63685598311854 1.78453989988842 -3.24009190168321
2.16532248126671 1.33443800688101 -3.04880497472115
2.19239080959896 0.802897211857081 -2.80934227449377
2.03248017907346 1.23810096397848 -2.65482113096908
1.42194239625087 0.864226770824027 -2.8892322257019
1.42998907910597 0.701258244190751 -3.66512918266366
2.06516478129497 -0.0255598781988834 -3.7668901613395
1.92708872024934 -0.207460481351547 -2.88945820856729
1.602989966197 -1.18270623106205 -2.62755447810153
0.829569549706227 -1.68804363281667 -3.22520983123509
0.219561185910319 -1.93639613018497 -3.70683171518885
0.317034517903811 -1.29650090574815 -3.45195455561909
0.716353142828342 -2.01762930573995 -3.55635389807907
0.244216514876116 -1.88440572104692 -3.18591640287047
0.838060281059922 -2.13581982050433 -3.35198033329734
1.24475948223384 -1.6628627806576 -3.21721409863217
2.14257795781509 -1.60636173905621 -3.20136804458656
1.61967481609425 -1.31067199483933 -3.62225251201681
1.83405447030967 -1.61692872209315 -3.14260460541625
1.30348818870192 -0.643531809945935 -2.63517262757264
0.936909199149908 -0.0200491330635024 -3.24248585058412
1.36095379234084 0.7033403467416 -4.01637422521172
1.17292269622384 0.768876102585043 -4.06248448025072
0.865082915533277 1.1396227797952 -3.93291546908375
1.251906099824 0.729252402882936 -3.7990591164812
1.08802409434975 0.909373773920126 -3.87596908982659
2.09387467019003 0.415684719287838 -3.62988876917366
2.50285481128641 0.547365939048404 -2.7063177105692
1.7926936802551 0.442103397884125 -2.22272375845876
0.812470471186973 -0.397992962373076 -2.59093932345255
0.303213307032764 -0.433120045697806 -1.97532594365856
0.097685676511184 0.7604049863644 -2.40690380315707
-0.189966959535548 0.605598085275208 -3.01520864765211
-0.0560320514299148 0.049780534415551 -3.16844068465266
-0.398326582586596 0.203344695624734 -2.75941419485485
-0.941422987636569 0.310017355176413 -2.67305409982153
-0.512942906894289 1.11596934996783 -3.04202395267082
0.0668667423085724 0.662367181798938 -3.08619708392974
-0.575542496758576 0.151912707481784 -2.93592472680811
-1.18448009539198 0.812765805464033 -3.47119801074328
-1.49396195385287 0.159927780324145 -3.76795348868363
-0.611401740674976 0.106109831805054 -3.89184093966991
0.168971873919954 1.04778554625247 -3.62007630089632
0.808632749691408 -0.29412959772191 -3.28939088285253
1.0880476627533 -0.66239313622878 -3.58798568160651
0.15801492804889 -0.704958433031735 -3.41130118083834
0.65400181035567 -2.62967243276576 -2.4068981462879
2.04118638748402 -2.42908889021456 -1.95933429142032
2.24884840380611 -1.2272099398258 -1.89442167405874
1.82025549471176 0.439455797533173 -1.27855493600832
1.23381052172749 0.692460865411595 -1.40843836645783
0.770708847829516 0.683572848105619 -1.56968787442851
0.850109029234147 0.179855207614975 -1.21769379573696
0.887059853578841 -0.116185347798451 -1.62597252162886
0.716491569874197 -0.320354204580371 -2.26074407625747
1.99274635199517 -0.59401716814728 -2.19603627768588
1.08262658541614 -1.2955676586032 -1.8869639095996
1.41094863098247 -1.21641939989071 -1.02085327203265
1.49950802820423 -2.18981410518777 -1.30594328351655
1.62150742713377 -1.87848422189232 -1.73809382643438
2.00063418531993 -1.98845900371845 -2.8920776325321
2.91362136793086 -2.99385667435121 -1.37912530965134
1.63882509544569 -3.26440843649195 -0.529200296579975
0.593384869732405 -2.94026967827193 -0.980093210437036
0.227098950688451 -2.67473999916953 -0.622228541102498
-0.133270228990066 -3.47488845185404 -0.946687322852805
-0.32146982216996 -4.16884855098407 -1.20384959327964
-0.529416702196068 -3.29183942517052 -1.06358929379894
0.0561842463415314 -2.29858484409414 -2.30258201793011
0.136406817307665 -2.0985894972567 -0.784534502774818
0.633729161209062 -1.73342752158751 0.133439957205664
0.855332951820736 -0.839823024582259 -0.627391883956403
0.0869424860339057 -0.758616841205836 0.165132013016798
0.17041953283106 -1.27562077364166 -0.0419959569395556
-0.98640132077053 -2.11082230156886 -0.510449681161375
-2.28861516866417 -2.24991695099085 0.60111900736564
-1.72274609381088 -2.9741988684022 1.13763657603494
-0.816463398956805 -3.41726617025779 0.12231388521081
-0.222881981711311 -2.96788068241555 -0.0534576417663811
-0.182565518802362 -2.82177215285493 0.116090390291259
0.592388773342109 -2.77524689911996 -0.378268592356679
0.525738773555598 -2.29694465893777 -0.213829859755062
-0.195931715698903 -3.66922215907889 -0.802385978073857
-0.99156307221232 -4.20986098767631 -0.521119079561255
-0.922101753796312 -3.52677303184855 0.0929974699122809
-1.29709629990413 -3.07106364946862 0.171926753697224
-0.926756012815327 -2.02739936986906 1.23807679847104
0.30970640816181 -1.05964600907077 0.498772699799596
0.282331372345346 -1.11981722210776 0.57731256849475
-0.16969407192436 -1.35882265420536 0.245891402907301
-0.207454701621589 -1.78131351589502 0.532726575824451
-0.816443906497628 -2.22071881909056 1.30105818643144
-1.3956111820555 -3.2230954508355 1.31515459899825
-1.78247677635608 -2.18664509099355 0.309752195847098
-1.10602669307217 -1.88667450731769 0.527091454009022
-0.591987198603646 -2.29410322661263 0.80343206564089
-0.164833145140798 -1.80833713905577 1.17158151732813
-0.620941563407281 -1.8852908660475 1.46882874753929
-1.66363841026234 -1.59792055335593 2.13736976806899
-0.956951421080744 -1.46959623702749 2.64101016321942
-0.678634228646301 -1.92340663665799 3.51194325715213
0.00549061352192227 0.0580314246970448 3.80951264133002
0.760474255973487 -0.219158642129994 4.81827661892473
0.681310154206465 -0.0706951567614161 4.99872742532608
0.295728649982962 -0.378705391931154 5.11981778963119
0.0771375406078492 -0.204782186646172 4.85119249273136
-0.476416828319801 -0.353090439021283 4.61493882013252
0.367031162763222 0.177118571763745 5.46177228167253
0.104286349475954 0.149581534557169 5.83782243744548
-0.163035413564386 0.239966183422272 6.84850788636892
-0.0741378839618346 -0.0679749097247595 7.13584570941754
-0.208309533843604 -0.204455053448778 7.71435270277105
0.18427326221614 0.0406102487312333 7.89521061876787
-0.115508562414898 0.119100798792411 8.83068555652859
0.0793627937052131 -0.231265871817481 9.41257170293205
-0.0624129272696373 -0.124639057636839 9.70683663828362
-0.084987213147598 0.044793518094967 10.1314598995577
0.146184839735409 0.0923684981402143 10.6247663784662
-0.227517062621664 0.00598095339987638 11.2480890122621
0.207316979510976 -0.0165349647007671 10.8429875190525
0.0182402958376732 -0.0487407995591657 11.1726893081859
-0.126499910641686 0.235298226301106 11.0481682242235
-0.0797401968527071 -0.0894073589408065 11.2964319908847
-0.0243619197567723 0.158642367838227 11.4860500106492
0.0172697297858813 -0.0660407477014308 11.2665655069494
-0.0242798599509794 0.131998293935 11.2297314503053
-0.134946904068104 0.00319733674794366 11.5440668431835
-0.0697409676174769 0.161260726716307 11.9622809025734
0.212367015238808 0.0704200748987162 12.4353539595463
-0.113524782165643 -0.096286966512832 12.1714731190335
0.0823180344199693 -0.0603538198328596 11.8869005478853
-0.0481924556775225 -0.0715178643725315 12.2488810965388
-0.0576991493591005 0.0441086752766952 12.2739322299162
-0.28422067422315 0.134858999240449 12.3146926755489
0.039591799458135 -0.195738541539889 12.9163451332266
0.076355402358991 0.186850204502067 13.0472569527838
-0.183503281389424 0.0983104716947299 13.1151357741914
-0.0983417006046849 0.186696956627211 13.0684408411602
-0.198661656832202 0.0217584342044226 13.1951021707036
-0.166962126336034 0.0773725501921818 13.3872684565383
-0.153829244747656 -0.102940958115382 13.176561142726
-0.0515541455927981 0.0525878472513286 13.3931581338641
-0.0231900404356584 -0.0361541578817103 14.252687576089
-0.264904339156913 -0.0780105743036125 14.7249775311718
0.0228565047727085 -0.131117626676788 14.9111226496239
-0.060622297464278 0.0119849962803625 14.836834911178
-0.128407753956349 -0.259191937792622 15.0252905945588
-0.000904629139063234 -0.0997351934434406 14.7791597772376
0.0840889355634777 -0.182590314600965 14.8922825376501
-0.12071658624259 -0.128027282113283 14.9765712164619
0.21889009761591 -0.0210709733163847 14.969374969231
0.0678315363845106 0.00438486597436551 14.7754257023668
0.0772106840282395 -0.0845628521605533 14.8562609832884
0.112295957781122 0.059036376983557 15.3121387691468
-0.149786408636154 -0.103825022022812 16.0635750534911
-0.202151993016645 0.0755999143441572 16.4957201165215
0.363066130509655 -0.566824585611632 16.7105387061892
-0.627950383655093 -0.651824003339015 16.7605269207333
0.848170486355888 -0.288532995013219 16.9835980400533
0.0657534845582353 -0.540850140871399 16.8455324615671
-0.604173227110307 -0.278000839521857 17.800764854426
-0.0807883811136766 -0.0240435828072095 18.4709487636746
-0.954635656153126 -0.489620564316258 19.1793467064118
-0.609048991183001 0.578491038386944 18.9254229315654
-0.936903583036311 0.184751915094947 18.5157169065363
-1.31952035829452 -0.534615603658987 17.5425400920996
-1.37841001300641 -1.01852343772441 17.2885241820875
-1.21246741709963 -1.66301427819917 18.575937730911
-0.238114579695053 -1.63644111227126 19.7481195849573
0.688763505982607 -1.17173683216718 19.2448314737241
2.62151073857345 -1.04114271105962 18.5759373154877
3.15461082405815 0.213360562892649 17.804014787551
2.6747032357788 1.24401880211515 17.1492598100624
2.41078459233126 1.31614825255307 17.7695107228953
1.78876059684317 1.33334428072057 17.1931278850879
1.93917960127565 0.938549530311562 18.4921985579476
0.115823712579819 1.60287464805015 18.3416311104397
0.219104918525563 3.51967234368128 17.3489803325075
-0.680969450055337 2.97033695871985 18.4175993604447
-0.913890932898708 2.85306184363227 18.25896460863
-1.77155301989579 4.15121136236999 18.7362401917877
-1.64959884145108 3.66922232834219 17.5958783057916
-1.77341345748522 2.74187807516828 17.6114041147497
-3.01035943395404 1.70418554725275 17.8629750841469
-2.57870072609807 1.62938872148992 18.3599153549531
-2.53407375428885 1.96060866709369 18.1098159096171
-1.05599729542685 1.39119922180975 18.4657090060426
-1.47396501174401 0.909301997235224 18.5099264576215
-2.88907734966803 0.857017552557344 18.0561245320029
-3.44674237693495 0.46456742915851 17.3562748495755
-4.43196279833818 0.724990197800683 18.35960377678
-4.5352786474343 -0.206829940626622 17.8477827473906
-3.78478600740353 -0.891948997998953 18.0664718984401
-4.24965076227688 -1.67662861930722 18.1181723224864
-4.34271697790915 -1.33634683136661 19.3920926329271
-4.27073655461236 -2.71902505238601 18.946163677876
-4.1249877963011 -2.72281816604332 20.4096148136259
-4.11528816611766 -3.22001993580965 20.4484681022818
-2.57237019934662 -3.03247855883456 20.9974478681327
-1.68204440608031 -1.75271390273063 21.0342347792622
-1.29599192396247 -2.34484596478995 22.0136957858281
-0.75318611918477 -2.51932352803815 22.1482903856391
-1.07383620070357 -2.59131848502952 23.3425784828752
-0.929138363678046 -2.76662247940647 22.6376084773742
-0.995223351452136 -4.27077362425912 21.6455931887738
-1.34698088139445 -3.07456662205365 21.6580487292824
-2.12631302755973 -2.32762208092772 20.6733262787593
-1.479289657583 -1.83098412779776 20.538374396916
-0.847037275070946 -1.5526917821951 20.9360182961793
-0.672565084496893 -1.60906288460264 20.2420211411392
-0.0776812384725535 -2.12833797267812 20.2757892526196
-1.01505713101573 -1.90377067772777 20.2310963511978
-0.831826721985498 -2.23741497040625 20.6272912784754
-0.297786817365115 -2.50554868532682 21.197450419355
0.0123423798398434 -2.15712627684058 21.7881242329868
-0.712823786543265 -2.90135051323281 22.7698162964326
-0.731400949115166 -2.25748626868627 23.3488982624653
-0.986652396785108 -2.98027362738268 22.0588094140921
-0.485153952309951 -3.52054219573518 22.5484880690736
-1.30700858441294 -3.16239990761379 23.269704809416
-1.21222891301322 -3.40784582143375 23.2375518695926
-1.1977781016244 -2.89610432508604 22.5632676221906
-1.95241367846398 -3.60514847419803 22.9553879851442
-2.15680554519934 -3.71399015348615 22.3364198085772
-2.62796505538405 -3.59134052331902 22.005232013948
-3.24340537245229 -3.36289965760919 22.0603723720176
-3.67546910005106 -2.19616821700756 21.4519396894137
-2.86005495496477 -1.77095479274515 20.9525454521343
-2.37539507754987 -0.737503272897074 20.2135312497169
-2.54325061715661 -0.618971933554367 20.3276067456679
-2.70681770316498 -1.12116103727931 20.3694683483771
-2.69056817687865 -1.00947918872684 20.4569632337487
-2.54189499639791 -1.52021511368797 21.1606817721985
-2.99166591133212 -1.1709865092539 21.7926405092985
-2.99845321671139 -1.70115894682118 22.3514518627786
-1.8937111572111 -1.63249697662011 22.7311275043651
-1.72990159702632 -2.1065822339438 22.5030052198294
-2.01473288982974 -1.34651499846331 22.210878880655
-1.50287237330011 -1.4452756274883 22.185357827889
-1.62467609206427 -2.44583868775765 22.5331314649246
-1.39609766571918 -3.50354818566634 23.6350679044378
-1.57860524377535 -3.25522111375764 23.4610008642275
-2.36480490946188 -3.81240829820674 23.8361303395386
-1.64858999983361 -4.81706710527689 24.6147241822672
-1.5771304909803 -5.17152153609633 24.3608543091046
-0.380003885503571 -5.71779431759142 24.4539701275396
0.0500902906669107 -4.37254830861454 24.3704942859205
-1.15844908101222 -4.11678227609953 23.0608928265178
-1.74288257523024 -3.8151320112356 21.7881628559216
-2.42369058585365 -3.19127628846527 21.4511945949847
-2.49942665598147 -2.57848505481918 20.0108871790253
-3.44303775048966 -1.52471453428245 20.8753210454909
-3.89861983130078 -0.737516019542304 21.2609493772231
-4.17708843913038 0.0490016061471751 21.3126921792597
-4.02203117447242 0.281160455341202 21.1440634336608
-3.74509349354075 0.172072170194251 21.6112890589214
-4.02828616005967 0.440812277904907 22.100466654732
-3.95870334891859 0.592577539297432 22.6298308754131
-3.67539465033778 0.215467164363767 23.0908882022603
-3.01211566738666 -0.470882064737545 22.0551205873096
-2.36937850946941 -0.640020748732555 21.2483968079215
-3.1181666922624 -0.210066388397585 21.0013871261463
-4.84107961231257 0.0719757034491419 21.1099990224543
-5.28485887634212 0.16804976594861 23.0027883515529
-5.15401280542416 0.0621562914633858 22.9886650887364
-4.31185834832208 0.1657770597926 23.3042528913154
-4.89319142926259 0.308379956468057 23.3649403408732
-5.16601998075555 0.928815160775523 23.3897985886163
-4.81331321612773 1.2604832161249 23.2724870518713
-4.93300004757165 0.744681656394695 22.8200240466753
-4.40481823729764 0.747016972422619 23.9228339036859
-4.45713944185235 1.06567486924727 24.4725600856284
-4.86600083272683 0.771146422876643 24.8870500133029
-4.17069363508968 0.65829092182908 25.105781073457
-4.37327069402321 -0.385472567695406 24.1142732718529
-3.28694878399227 -0.602999245063949 23.1067462168033
-3.12820988012604 -1.29224326288356 22.5365602041438
-3.07530853917665 -0.958733003806035 22.6310211871593
-2.5389038825699 -1.02557932312082 22.4183130717238
-1.88770571118306 -1.95644528987346 22.3689615171615
-2.12985631118523 -3.2772432174618 21.9624847736414
-2.06008341941842 -3.52829403352528 21.8756537952916
-2.08322007911987 -4.59027339525036 21.9599375593754
-2.76723203084009 -4.75110177053119 21.4237530641974
-3.3040206070053 -5.43801170763737 21.7746797673843
-3.45922366643209 -7.05919330966535 21.7061856010181
-3.80596638000407 -7.09458919717885 21.5151627797139
-4.09565296619313 -6.51678598794289 21.3662808328532
-4.42363023825276 -7.28989028541945 21.7691634585534
-4.16793972420262 -7.91859094919226 21.606935985181
-4.7117917720882 -8.0587180251101 21.7804266706056
-4.25169759979707 -8.47310965787692 20.8431915379199
-4.35124691680074 -8.30360020420874 21.1201110551002
-4.90723311029084 -9.06828966016079 20.5871542581802
-5.17855533860112 -9.37777533070977 20.7638574377153
-5.53008582761598 -9.53888281157172 20.6892581291453
-6.03021946927513 -9.19693179026312 21.2009647399976
-5.31945874098658 -7.78149010779497 20.9189639317611
-6.25076550252394 -7.91937470358448 18.8867504019338
-5.42813763422544 -6.80706072289209 19.2263968856259
-4.16050380783912 -7.70880680758748 20.4194823547088
-3.68057111188207 -7.44959258918854 20.151867051317
-2.10296268588387 -6.48846223793359 21.2871517507897
-2.23587615760176 -5.87662434275105 22.0105083694469
-1.64471733301721 -6.03089938917141 21.8650174599259
-1.61271541250789 -7.1131385271759 22.76340683689
-1.02228274436673 -7.44806432591936 22.7152806424764
-0.970530134167992 -8.58120232481321 22.5412043187064
-1.71492411416306 -8.79694309873966 22.0993422289004
-1.50239185686237 -9.19242697618455 21.5146683229962
-0.294581833229991 -8.51955203130921 21.7868776892591
-1.407963262088 -9.49133624395109 22.3278599730993
-0.703537188488298 -9.32294329165805 22.9854411408564
-0.834836086468656 -9.64038937399323 22.9706387718509
-0.768841420750728 -9.83443844367984 23.2103018059614
-0.205616190498051 -8.74613866874498 22.5587183390913
-1.08686007142641 -8.88419384944726 22.4991723093296
-1.64352424038799 -6.94949507000316 22.4985858609773
-1.62443683207814 -6.58169287717724 22.7481302239921
-1.87472686892535 -6.37376227307376 23.8257939010326
-2.13601310399202 -5.8126881325855 23.1674625181605
-1.70529049973228 -4.6801774335169 22.8578709286613
-2.27581352470178 -4.5512546262605 23.2650385510936
-2.15914521948376 -4.12639716512994 23.7154901329925
-2.96951818563034 -2.63853568966162 24.1739391752342
-2.65252918406025 -2.68847798999005 24.1197266138681
-3.45615790225952 -2.36803038990911 24.6852420310423
-3.06888733505277 -2.32268173044739 25.2024073234744
-2.62814168297166 -2.21149427325063 25.7509657189433
-2.25041314325824 -2.82166476022023 26.5607267208535
-1.49044335925132 -3.30293199590022 27.2207681380743
-1.4419131054977 -3.73132763746493 28.0816090058527
-1.88825750672977 -4.70458492447266 28.7451604431972
-1.58975917497979 -4.65124769617219 29.619048073158
-0.724586171676759 -3.57260532042382 29.1972753029028
-0.841544444126878 -3.58727313079009 30.2132821529071
0.358558578109888 -3.29956604231476 30.5668985697966
-0.127814734236122 -2.30757210553074 31.6306364415574
0.741635384265635 -2.02150657360811 31.976390333895
0.332846740951669 -1.11751005847839 31.3895108181112
1.16201742956765 -0.842099044175987 31.1654196774565
0.958661807416341 -0.507735839079243 30.1151033000894
1.53795702119861 -0.703502124563678 29.6460075467119
1.69307557302843 -0.920830684435068 29.6320149203896
1.56413191015562 -0.351838267870513 28.9509200194144
2.07882266225688 -1.16004570312631 29.1204076683397
1.62188090236135 -0.581753715865335 28.8834071876587
1.84679950304009 -0.481803152748173 28.0429698746966
1.25669759085461 0.338183026488056 27.7874692699236
0.129777257249108 0.479625186486289 27.4454780418162
-0.459472939536753 -0.482739640618542 26.5238584735743
-0.844626473126569 -0.429123896900699 25.7731139168114
-2.84304439322252 -0.552019722180801 24.4798297516041
-2.75266339255323 -1.16507416841042 23.8285134941831
-1.68523356487534 -1.88855696962283 23.3550379209418
-2.08849753693142 -2.59937915093044 24.2769109228023
-1.30147963928677 -3.3367039044937 25.1276288803806
-1.17347473842079 -2.78490304248559 25.37560597999
-0.448932179154176 -2.9830528702646 25.9979771394308
-1.38689405131677 -3.02204899950255 26.7369408833849
-0.184677591340411 -3.51678407630968 26.0672956917657
-0.95968866978288 -3.38581236684692 26.4830878073803
-0.818316822190496 -2.93044416134075 26.443024361363
-1.54226561439397 -2.64245521176745 26.5902360249572
-0.555158880569301 -2.50276065571563 26.8387809631999
-0.0836175831945051 -1.1317741887807 25.6507276353992
0.219650274025446 -0.595643883405338 25.3526202817682
-0.580159577166081 0.0900960172775162 25.0088557216959
-1.53344092810973 -0.180954266145372 24.3152616865021
-2.61172722294081 -0.921610085666485 24.4153499907239
-2.36571930509898 -0.858167943759553 24.7236969097374
-2.26709000352998 -1.63772588721185 25.1222550664265
-2.62947186010428 -1.30362131992437 24.3979987574499
-2.63249201985435 -0.584028018353453 23.374210685323
-2.23660772982991 -0.602795511568603 23.7207910400972
-2.82359301620708 -0.271650390483946 24.5682278583575
-2.43053660278965 0.239881109221184 25.1241502127709
-1.66001033126006 -0.0497756911955 25.4053969137563
-2.70017919164919 -1.30214273550557 25.1369874098846
-3.26616846563325 -1.91841782870792 24.6102603192381
-2.5390674878618 -1.73396704038346 25.2123721886486
-2.25051139224243 -1.61557758211282 26.2706670139405
-1.63059248975824 -1.74035716946924 26.6429511611776
-1.11388381810715 -1.89528419742233 27.5161046706316
-1.47991757749065 -2.02008754047476 27.4168286054904
-1.45383681365696 -2.64357589181805 28.1137375910602
-2.57214988142593 -2.65191288508014 28.2624408202495
-1.99770052730705 -2.2188266519074 28.1146812498353
-1.79197139838687 -2.76596302850283 27.7873394330156
-1.69209385154742 -3.1350598587679 28.1936745598133
-1.9365919204965 -2.96357822233949 28.4243694029954
-2.76101546682147 -2.35915122830279 28.4918688573504
-2.76390534557234 -3.53171137358205 29.018342644309
-2.63477302827076 -4.13224581785373 28.2964984627085
-2.3087939286117 -5.00752023944151 29.2953452717766
-0.992783635389357 -5.62719248874388 28.9113340994926
-1.18927431577339 -6.42777047554218 29.1570727199
-2.19074358809557 -5.66613366725586 29.2853537176313
-2.55818804411028 -5.22041819558092 30.4693152465393
-2.88880915477919 -4.97917646352714 30.8499556657617
-3.41251344590899 -5.60814647377157 31.5130697438455
-2.30270492208679 -4.92013801188509 31.7581681466245
-1.79605158066955 -4.42777763960973 33.3354950895651
-2.1376724205126 -5.01811209148126 33.5398507573491
-2.22157245724495 -3.88285092415876 33.009602243621
-2.00194682396129 -3.6115362236135 32.7348425888887
-1.87358527667727 -2.94672803763045 32.49150169591
-1.91383592538087 -2.65392217034085 31.918408688
-1.12289844040947 -3.13264262406035 31.6284462833556
-1.63907245883989 -2.81272845612791 31.9167841766197
-1.06706831247103 -2.96667524012666 31.1612260093134
0.248750463687855 -3.41059292337274 31.0353895993462
0.314666500916265 -3.92019045610036 30.6836078133802
-1.05755047241302 -4.12321773389046 29.8114320000278
-2.03663199818278 -3.73374551656019 29.9412066036375
-2.94147508432112 -4.09855567060799 30.3004305825929
-2.36033862114683 -3.06128605130598 31.6769764282295
-2.6382487324697 -3.17830739520847 32.4073526963885
-3.07094121836674 -2.55560270525421 32.6849310907319
-4.1018007587162 -2.37596364157707 33.0502984086831
-3.20737240011035 -2.05154452699074 33.1573469901943
-3.95000425062835 -2.23404372690637 33.5561262303039
-4.6515498639099 -1.33252573696155 33.9784314169792
-4.82338767778102 -0.919994553058678 34.0922870732111
-5.22720656177014 -1.07748395694491 33.817006442662
-5.29004953048273 -2.47640692008463 33.7136023164346
-5.13288154402817 -1.2809027893039 34.381706286184
-5.82361498311456 -0.96007754016454 34.4186578410522
-6.1429235829501 -0.855505759223607 33.7526421324144
-6.19833171587235 -0.401533965581073 33.4310962935138
-6.25255492487046 -0.748247239660604 32.2975721270849
-6.89614488428843 -0.13350289448243 31.3711902459332
-5.42610557177904 1.2196411120337 30.9450276180442
-4.20961382456389 1.14092809138944 29.8752937069415
-4.52260717134609 0.522661977036988 30.9640683463261
-4.20111053424172 0.549842251910101 30.989642872383
-4.76595083568007 1.80649475657872 31.4657702657475
-4.34265352790311 3.28664626314823 31.2746361749264
-4.32533321422752 3.61957890619584 30.7023833397295
-3.61093386395258 3.42841712660266 31.6358250661362
-2.97801120962319 3.29441805492905 31.405854494518
-2.59815598760307 3.13228101344423 31.3179669302926
-2.14665729089177 3.50842499610185 31.2081111639051
-1.33405378620995 3.67011489574395 30.371467350402
-2.12566123023209 4.4785743508729 29.7197117252253
-1.75216479174438 4.56743755921274 28.1026610323015
-2.03265917710926 4.12911419893984 27.0183757764731
-2.73162831456834 4.7085283793407 26.5990633228819
-2.50025827901182 6.18265202425312 26.2748677081313
-2.34622616273719 7.4262601178122 25.6463363614978
-2.57469129113918 7.53562100977148 26.5911299771396
-3.06295596680479 8.47563350810692 25.9086130065529
-4.32861673735564 8.96647013832173 26.4225763322574
-4.37181929906126 10.0885003504451 25.8417691351606
-5.6584526337791 10.4161800964345 25.7785814413554
-6.38431869328315 10.5281043375689 25.8191704511573
-6.21185220825442 9.12954109622654 26.3156084972099
-4.88488679096942 9.35173916737925 25.9854590876924
-4.52262691131752 8.71636435374056 25.5593045644075
-4.36730839080519 7.58171094536311 25.2734261021837
-4.30104609034991 6.85800127511297 24.9096460293544
-4.01122824946625 6.94163136517975 24.8190100694336
-3.62578577745274 7.5759995574807 25.1602166157883
-3.03716222588522 7.44790834964316 24.2635681806636
-1.70126028954 8.49710020698343 23.9282868459087
-2.35856630832514 8.36891075177437 23.250433385043
-1.66804302588869 8.57819225081607 22.1987353148562
-2.62021693931913 8.86131617636234 21.9863261667648
-2.57818897406309 10.3306508498271 22.472030323572
-2.59140871208627 10.3382389417465 22.7438267680504
-1.80407684840209 10.7086860013453 23.3975658247123
-1.08832678966192 11.956606663448 23.4866983134635
-0.280228894695482 12.7484146992213 24.3198090907276
0.378944855463154 11.9970566764669 24.3250573288482
0.635163682270595 11.9704224005753 24.8890370893801
1.77479772305412 12.4999932907229 24.7327312772112
3.11022042311214 11.798680916207 24.5150023173156
4.8755232692086 12.5170482008721 24.4961011438784
4.2264401573779 11.198711278226 24.9757076995167
5.27334141452737 11.3402082262328 25.0974820175676
5.20795237862969 12.0757498430465 25.2865677604588
4.90696307500056 11.8291701183584 25.4533051462875
4.1311700031536 12.1625585370083 24.6121780881024
3.78370178435524 12.4233727704939 24.09348364966
4.07108621555687 12.5304623938665 25.1626602185742
4.09563123628529 12.1381315336631 25.0077617583752
4.47679764501502 11.1284752686909 25.1510616520127
4.3748128509276 10.3043776886019 24.0820729450835
4.63997583270758 9.61481533995927 24.91252664
5.67654360515423 9.97428534406592 26.0864226987816
5.90410562740213 10.6021507418276 26.4471720584102
5.84307015932765 10.6760670429397 27.0389580479212
6.2514552478837 11.3659719040618 27.7867796032201
5.68639926333801 11.113718184618 27.1314843759606
5.88223588683526 11.8470902255667 27.5171691210709
6.04687772454063 11.1456571871746 27.8060703723313
5.68530261391677 10.6046208063936 28.0336129972794
6.66660563244402 10.4679002577611 27.5589893694938
7.3860978420442 10.6178394035515 28.1478629276703
7.4204244987614 9.79974427124011 28.1709259158925
7.00573014654636 9.30640513435579 29.3721831587658
7.27657688787255 8.80330339274379 29.5634327737678
7.23801612295315 8.10651106740488 29.1216240785377
8.56974933915337 8.85115716823287 29.8117494850094
8.80611725903681 9.80785029226502 30.3778333740088
8.99434937248899 10.0797565103296 30.1859202519798
8.84749153284799 10.093220748856 29.3459231355498
7.97244108517984 9.89799113443567 29.4231368039491
8.03623903533016 10.1592772782657 28.7161608253116
7.14388272164899 11.081747552079 28.8416145557704
7.58467555154215 11.7761386245157 27.2639842877331
8.28235158555849 11.7889564076238 27.5685881852
7.91162611806904 11.9416334288649 26.5547606872496
6.62692308376134 11.919407434331 26.2364345099782
6.94277189633938 11.2363200431363 26.7745262588643
7.23500908914145 10.4281570192112 26.6820591127863
7.03638137164698 10.4418865290407 26.8242756403229
6.81289578444604 10.3037891436988 25.5451791714369
6.82426239653678 10.2644466201639 25.0608937606802
7.16934027800538 10.0211048312852 24.3689916269107
5.32611510825002 10.3847397729498 23.2243603114578
4.90769541006719 10.1281561777629 22.2305489269473
4.96784989816051 9.99972893835518 22.2262562780294
3.94773096887167 9.49954982583813 23.3324860628643
3.24609783471565 9.35262135149169 23.0550548140131
3.33829629724673 9.60301546288047 22.1816526087595
3.33737292923691 10.3757996004501 23.1255186037334
3.91677389099531 10.2536994763831 23.1836085663977
4.24131040538222 10.3192999332839 23.3328507984155
4.93917264731194 10.0353305482798 22.6296531226729
4.65623028606876 10.5030020727775 22.2002675306718
4.03203535425127 11.1452266750978 22.9605616895257
3.98586831476503 12.4458349908274 22.7455014846113
2.92556488124413 12.3160948621047 22.4599288516858
3.35050596868989 12.0805854291987 21.6425752207055
3.09271652527445 12.2979399958194 20.9105181779927
3.76166306531966 12.2349612386814 20.97223989098
3.41212860264717 11.8469481993427 21.3885183809099
3.09491133734923 11.1252158950949 21.3054841346317
4.26188563375489 10.9414214654041 21.6711450428717
3.82325554141586 10.8966055806005 22.0691823674084
4.65210160037944 10.5800782455486 21.9469007822275
5.07084064948534 10.3766058406363 21.3153185107004
5.40762284275224 9.31381037959327 22.4757308285929
5.50107859380002 9.18154815982883 23.1775877546975
5.28907068325701 8.85229811800003 22.1992393803506
6.7154112627777 7.33790649632503 22.454561586056
6.6820602838145 7.16699193009139 22.5483372915877
5.90394574837821 7.27346768319836 23.8153908678304
5.14880624978057 6.08817355232263 24.3867292334458
6.31362057072633 6.06161036071973 25.1899492348111
7.1984352778018 6.66240678296269 24.88186383276
7.64795561836295 7.26407931091963 25.1215710195331
7.26487032196306 8.54311199402816 24.4094345132786
6.53296163239139 8.10757727352961 22.8611272031657
6.82659010257159 8.47351155826477 22.1121148156673
7.1500053771664 7.8269889098074 22.1476502357189
6.0437889140764 6.14574707464967 22.3315048146057
5.67977564730506 5.0675935729148 23.2378701475689
5.50497306148167 4.83866185217672 23.5771881337259
5.14696249683038 3.64299367764032 24.0930131609514
5.07125185373619 2.21073972079151 24.3361185395583
5.38180931738172 1.16672400489707 24.845071693138
4.94544238989053 1.33951150678417 24.8333400469313
5.50730533240444 2.06352317038584 24.8613834227842
5.35138571415324 1.48945109329295 25.6493623107136
5.7659265700995 0.550058966374035 26.1434315002322
4.76876803708141 -0.697721517652476 27.0066009666795
5.03426496417909 -1.53311830276756 28.4130204330912
6.04245649607599 -2.41287769359445 28.7906621524409
6.44016937898292 -1.54353223690489 29.4899071314256
5.9941859663219 -2.41438654977303 29.3889923105073
5.79040364701519 -1.24892367276941 29.2464802375205
6.27880614288166 -2.47390085661987 30.9307793657142
5.93034607290802 -3.16609516953519 31.3668871012514
5.63733968489633 -3.41062310258204 31.2702516056635
6.22101670745829 -3.24946528809083 31.5419196412808
6.22906047436626 -2.78566231189255 32.0314697399572
5.96610181223108 -3.03907319010293 32.271697179785
6.08217417427336 -2.79680844371077 31.77088868223
5.83081681835074 -2.67322060826105 32.2965450035474
5.27856926732579 -2.52958640187185 32.6069392729613
5.7792406606601 -3.01373765290959 33.3591560141353
6.07216937245168 -2.87028754867951 33.5828859063952
6.22192912349349 -2.35339522039349 34.377914122398
6.16123119308835 -1.87466668563979 35.1718119466165
5.51637683468963 -1.30113491857016 35.7904972718686
5.90693988241664 -0.841673593247088 36.5739071336126
4.97199342656352 0.209209210683257 36.2003427111238
4.06180080308597 -0.909801501398623 36.0296707472409
2.62927295101176 0.0237206070590794 35.9896786718042
2.92015928443106 -0.112498263432874 35.8768606192075
2.12461585349433 0.31499987735046 34.8592735707916
1.58989625036154 0.330581795009772 33.5898647294038
1.84078839587114 -0.424332178320742 34.0367159801906
1.15625899866501 -0.622155625153026 35.4939407010248
-0.4673187277815 -0.923682065416216 35.8401579213401
0.0190150234354124 -0.590811467165167 36.5611286377904
-0.184023363992467 -0.107449142204154 37.421162556901
-0.646981137853939 0.28111477724803 37.138001450421
-0.687827666212386 0.714378037487338 36.5688090058558
-0.497459516129341 0.267663411251025 37.1605768384244
-0.457037999604481 -0.845951666241773 37.8567359152368
-1.02302093096045 -2.40385138197586 38.9912135626909
-1.66245654360812 -2.92384872641453 39.0353776583802
-2.881493349794 -3.46639923621377 38.7908381008546
-3.07553561387746 -2.38090511594815 37.9893206232067
-3.92081369430866 -1.94151598775175 37.3279643571378
-3.51192046098475 -1.23139031228498 36.0061587117833
-2.55784688665218 -1.29024951633325 36.1681147546846
-2.53275598774388 -1.58000640704663 37.6098406249547
-2.8457910388931 -1.04377457963187 36.9172044424092
-3.44837504034272 -1.40362367126423 36.0764753460117
-2.37435326666984 -0.949326656489416 35.6778735916731
-1.97487030211313 -0.744702773615526 36.0637920595097
-2.15943040374848 -0.960797732213852 35.7090902813929
-1.37693068713269 -0.398132978506171 34.6326581073969
-2.02769718036291 -0.0622861652626959 33.5991391026592
-2.54726299201661 -0.246904835118452 34.7697727828033
-3.40096951416565 -0.010951003000669 36.1738285823714
-2.64452830192557 0.0503759720910679 36.6450657062112
-1.50743189923539 -0.160399791604541 36.8765224846424
-0.806722299792062 0.586059400936732 36.747866350929
-0.958599780217646 1.0318142617781 35.7984278932754
-1.39361716284046 1.55961176279228 35.6008653707272
-1.17371384014368 1.67553965026239 34.8561234832557
-2.62851696840349 1.6082896462966 35.127012413611
-3.01989316302397 1.2215028386341 35.4274228022114
-3.3978049032315 1.65872144088022 35.3935051495848
-3.59221709625849 0.710684513950127 34.9625622666803
-4.26150684310619 1.05377338785072 35.6009784779736
-5.18757547478899 1.13905361744698 34.8557570729956
-5.37928782553059 1.51904634018547 33.8447485306398
-4.51841630208791 1.76474873683544 33.4104634855365
-4.25277394148898 2.58056007683963 33.3337558887712
-4.38803576136322 2.55866670919758 32.7052369470088
-3.98096750406397 3.20428607405582 32.3792814850135
-2.24721847874103 3.45931963580169 32.4266508402933
-1.46070079017138 3.01666351270289 32.4068802186442
-1.12633181416117 2.10844937393053 31.6057275530376
-1.60710211232835 0.866610728725774 31.2597203140457
-1.70793718830487 1.29281098165571 31.3497104132339
