# Fix print output for fix tr2
2.35920247981465 -0.422583641443159 3.11751114732701
2.50620432682171 -0.0810599765963652 3.65014434764883
2.39539524085932 -0.580915815775739 2.96511975725804
3.30334916380044 -0.48087322397246 2.62859930964317
2.71748527035612 -0.178484784102684 3.22222606277247
3.003177920328 -0.22891763340161 3.46745501029419
2.70223019461118 -0.167140587204156 2.97272259486586
3.70527454611344 0.0901368708697144 2.77978017138061
3.03408670306972 0.776470376596543 2.09745329228709
3.36757225048818 0.571793010363215 3.01957664083346
3.13800002512032 0.890868700943829 1.94815932345227
3.06798472812768 0.870842740630614 2.01005410424895
3.08316391591437 1.03582795411776 1.9105550378282
3.37129728871694 1.13404622401399 1.81174284286428
3.71213091161775 0.646492169530448 1.71689196476736
4.39559785081571 0.81493223166784 1.65933852463603
4.23088342738026 1.22163934337041 1.72017184144215
3.90582632130328 1.28049507391942 2.41844906145009
4.01370797964074 1.03694872761428 2.47408346227319
3.32629779923524 0.341643808192123 2.68915506211235
3.53259101570033 0.425609406475039 2.98788932229796
3.46386220580617 0.457024368305035 2.59899821689145
3.49611681609969 0.755056320968903 2.89280564132861
3.36089868669938 0.778679046517764 2.91245059517389
3.60709334619436 0.732992085280141 2.79171644478334
3.77047537166483 0.541672716928114 2.66053221139811
3.75911147083114 0.719268243253558 2.25871984049589
4.1082973944753 0.749684711466688 2.37787519451507
4.10001680833921 1.00256131056454 2.39162959152189
3.72506568160785 0.351745168878389 2.5759506842636
3.90422568838773 0.572368739558914 2.60826278410618
4.00057766358131 0.609153066333419 2.2509276470227
3.43164042698796 0.388038724936548 2.42321545975132
3.46411530819486 0.296494404537578 2.91984103175087
3.12335066447802 0.847345454259427 2.94904211279226
3.18295775279146 0.868391091361822 2.92387304431914
3.69165342515862 0.346592105270218 2.85852082756799
3.47373263226957 0.854727887774166 2.83372999873426
3.20168290484822 0.465920525023284 2.3654438373869
3.1049367257655 0.820997044066506 3.08503270833309
3.27003168230299 1.08761919847179 2.80182321984516
2.87841619775262 0.806475501911084 3.14509332669125
2.4807667940055 0.934097962214973 3.38810565529165
2.10465108333507 1.08633966788124 3.63693127139064
2.3361453263046 0.952211633942053 3.58164465473118
1.31811152500389 0.622386195608343 3.86697816743015
1.4744479213937 0.655321490626204 3.98548358827525
1.60974019757299 0.511764069497272 3.96534106380926
1.65243130319788 0.621960746906346 3.86851385184583
1.03272270136786 1.12415126338559 3.72284587004144
1.20180672508883 1.16995368805907 3.71956892784878
1.40948746277297 1.71818843832126 3.66021061509472
2.44955977219487 1.14846271848483 3.31866320612778
1.95333618070373 1.41523071347139 3.32366880124846
2.05424155005592 1.21028384415994 3.24654835682938
1.56196826957189 0.718134996436248 3.65002872942254
0.170438828938279 1.25911440232444 3.53147536262759
0.320421525610952 0.980393316020542 3.36221097473925
0.501533306466996 1.29812457901736 3.7445866450693
0.232771456576114 1.25920333117117 3.85992531105493
0.925162284263507 0.771004645448677 3.37175560616139
0.249641637135509 1.08521617945924 3.33105381892898
1.06239358519627 1.64529742355615 3.571998700546
0.621353498567707 1.58363704425892 4.37829876199204
0.808747222402608 1.40311904020716 4.21229154646047
1.35551096363928 1.28579551214323 4.0504931828596
1.54848957902685 1.87871841817248 3.70209228568893
1.56741444352499 1.60110327365386 3.05195149338782
1.89282179629691 1.60933196553298 3.23824217610393
1.22213555301227 2.35524136254267 3.49443052948291
0.957384580166956 2.35850730627568 3.61252662390137
1.42574743424216 2.42353503916579 3.25339744144441
2.44798010597076 1.40216081405208 3.28319501545741
2.48553382035963 0.771187176896609 3.31492054397594
2.19000911708037 1.15893431466519 3.11179337219776
1.64416992555946 1.00775634847203 3.56198657469441
1.75839749338848 0.653568110654441 3.6628068907911
1.07104293476526 1.01971733578501 4.21746649883276
0.545629954953471 1.37577295746856 4.16274074185541
0.813560057067474 1.27077214090883 3.99260171830597
1.48132880910877 0.699630612586094 3.59932585145916
0.913972032331773 0.556207642551919 3.39627554562254
1.48855459888728 0.371859786196685 4.18879231613425
1.67180244907275 -0.296337057495987 4.02022286614076
1.57667015717343 -0.817680720696161 3.90249841763079
1.42173708481858 -0.969680915667554 4.07497300778937
1.84998002029055 -0.867903432539791 3.58786870636663
1.23783756224919 -1.06113744667922 2.90269623728069
1.05096112999642 -1.43744863228932 3.54943648371316
1.09956770540149 -1.81916935740264 3.72856873014266
0.470795532283228 -1.43171318998771 3.6702786952876
1.01555592466371 -1.24698555371252 2.95418840624773
1.10604563678764 -0.90798067625939 3.51732448675644
1.39790826073995 -1.25140853631214 3.84276340958569
1.36901166148463 -1.48157162965076 3.59694558274406
1.4068235488003 -1.61970152079469 3.77102277597253
0.923950928914542 -1.64112587995714 3.49297932555153
1.57458786464338 -2.0787284871459 3.5228062277998
1.24791200288913 -1.5112831809969 3.30401750001107
1.37335343587541 -1.58729949725305 2.68180997198969
1.32605437304585 -0.956624184140332 3.13777627195619
1.41343110745968 -0.727682890210957 3.4174747109111
1.65874977517192 -1.09923234256287 3.59317628615183
2.59896640147167 -1.25338879104824 3.16402090130303
2.70567963597023 -0.134408609220646 3.28756288618042
2.81110949307028 -0.746305819000721 2.95008140097794
2.66368539526983 -1.03143253264215 3.31220921689549
1.89426085488341 -0.127549670422919 3.88157583571577
2.33304705870401 -0.0836406630841659 3.84113163055761
2.03785290489439 -0.745551446452502 3.14580155556664
2.36941734152298 -0.8970400091151 3.40323636414719
2.03514514395421 -0.821050395151847 3.52542784273373
2.37041121537307 -1.29647413695566 3.02732374596234
2.54440200125026 -1.18020167236715 3.14883376855091
2.4041126031475 -1.38049663487244 3.24958310599729
2.51772487141284 -0.886813684965837 3.50985990225468
2.47288569851322 -1.37137662974808 3.13271415652475
3.25358226648522 -1.67162643279989 2.39982421998092
3.63111973854159 -1.50631754015555 2.48071435031187
2.98607478967498 -2.03395981956711 2.49453658461401
3.07033345948919 -2.00695074543357 2.49131953605972
3.29214154073529 -1.96935274362481 2.23533762455855
2.80831327999331 -2.66367962664402 2.05765908853915
2.98894057825907 -2.59739354165929 2.46812080113028
2.85104001770868 -2.63179232210501 2.56009896247057
2.09946332494524 -2.86705193882733 2.27247284535786
2.42355119907845 -3.6116082071749 1.59273437196648
2.16090093270636 -3.67695509797493 1.4802243169594
2.16638830927341 -2.07738818362257 2.51707585103651
2.34484622433207 -1.46823348574245 2.97842879925655
3.03488003977964 -1.33563963483723 2.9207037180071
3.22342460682205 -1.62028451871628 2.1017983102139
3.34379457603617 -1.98110395960099 2.35819593200225
2.84767198093877 -0.274169057162299 2.26508845287541
2.70571367358198 -0.587207842963616 2.29761289612264
3.13400694183115 -1.384910337288 2.81496090518781
3.24881111386737 -1.53442106888948 2.5650274769079
3.31498671647905 -0.820423433082178 2.53843899742365
2.34633232687212 -0.975456544003223 2.98982687535287
2.16081182743013 -1.52043621465449 3.23676564620753
2.4833497392553 -1.60869772272367 3.04297864218947
2.19212625442321 -1.84412455753538 3.0827963123243
2.19581318721329 -1.85820974637787 2.87391361382803
2.78504616157439 -2.18010631124581 2.47017413632306
3.61428302459918 -1.68754764234244 2.18824470235763
3.38007335951668 -1.52478759434496 1.74383096412962
3.50941292989992 -1.09749457498843 2.4728272998506
3.56877013101089 -1.68038390584953 2.09651786631956
3.265019091913 -1.95745235610309 2.41096585492387
3.22983616630682 -2.2716158919743 2.24860168697173
3.37402591220627 -2.08227798280518 2.18985339533505
2.9319401320416 -1.87962897748782 2.00928837640641
2.30569974148862 -1.58586690752629 1.75698138850571
2.40689454556436 -1.68937717392162 1.05222503906367
3.38458299823308 -1.66058228148238 0.647266662303277
3.21965075415499 -2.04784608998398 0.584130864472782
2.5560199171267 -1.97018689725459 0.672875437497456
2.60343823661428 -1.87505382736884 0.973360402770782
3.5927369381226 -1.90357742203271 0.444738626157946
3.33160189434115 -2.27284473310943 0.540162591902321
2.90771770968306 -1.46809984912632 0.750854772135416
2.62827258663903 -1.59981640246641 1.0326870559351
3.22918280915776 -2.01434517165131 1.31777694351562
3.11665886104822 -1.40046854255493 0.756494465256618
3.09849531094853 -1.67268041416025 0.585104340607006
3.10161620597739 -1.73656696841316 1.12263270485564
3.04198855020658 -1.74711626018003 1.31851314491086
2.65295051745016 -3.11860268202524 1.62332459389337
2.08843340157883 -2.17642562353867 2.44084685235298
2.25045044003785 -3.00300810728777 2.55078615404171
2.6795224946266 -3.20019921636094 1.45090333331388
2.35040507060782 -2.62299209662206 1.51690032885767
2.43203257172907 -1.97436486875613 1.44244497074296
3.19795131305027 -2.02522902631939 0.856427161650874
2.93745094552351 -2.33649262007964 1.21796722973293
2.97888665305063 -1.43372637770796 1.01372167050896
3.01765999181589 -1.14747377046756 1.66014566468549
2.26119162690128 -1.9407908264838 3.02464485859872
1.56356736379624 -1.45245733250175 2.59931123700698
1.60609384372979 -1.98658191859599 3.58367473218177
0.342886601609443 -2.27212302164523 3.79818760265288
-0.0348733761838155 -2.50879277671132 3.49873032477966
0.650319812229775 -2.62518092443491 2.85269895679786
1.48825561422519 -2.29524681288668 2.39999734451431
2.05826552488176 -2.58730661785662 2.76502720584573
1.84374433204938 -2.23893559976889 2.91897287654632
1.16800031622116 -2.6962418766403 3.13187414940318
1.09243534512263 -2.30127134805206 3.41838137138056
0.633459957922818 -2.94999500249711 3.3279222957513
0.356019955256172 -2.28515592845305 2.73493012526391
0.772896049448027 -2.63666971105361 2.76331567273848
-0.00690119109780548 -2.50504895556174 2.86574077856593
0.699367626052624 -3.47085985210423 2.66844910266636
0.125036572070611 -2.61489918309075 2.75047064830212
1.42321619027834 -2.00187634225305 2.86601618501845
1.09268387113623 -2.03152232304102 2.51512919498928
1.03617590493431 -2.33169872697062 2.71059111733304
1.67206301595123 -2.81958631890437 3.08741195784091
1.67429258420584 -2.46638904087179 2.44742344458955
0.901713572326343 -3.18399920101405 3.09549995029197
0.161415817404021 -1.86622970206802 3.11695435471768
1.06556559700315 -1.6066946577667 3.77902591640582
0.63151477426571 -1.47820730945123 3.74908217625414
0.998255287347454 -2.25847256525558 3.79714204090791
0.772318706961257 -2.16644333226291 3.94828236050979
0.697733408531474 -0.505394394819917 3.64474592996454
1.0121101760259 -0.471735041653817 3.3216243729742
0.807371124230269 -1.49326798233368 3.86810286661184
1.29257591202258 -1.19279396578745 3.47111202487785
0.810293623601455 -0.978508774543891 3.25079589537922
1.74635037231698 0.214288622209934 4.22214805454311
1.40175445391345 0.0582786294426342 3.66879079271568
1.88303151233696 0.210760412888764 3.64161985937269
1.09403220989597 0.878875891311471 3.71267350561759
0.478204231242198 0.17315421225045 3.8429779383166
-0.0359573278237958 -0.231717421242126 4.55744598475979
-0.50520194806048 0.44956754617788 4.92222742306764
0.232017816824034 0.23342626770374 6.11652625263888
-0.0804556364452015 -0.0441090929479283 6.98884079576109
0.163913654434958 -0.201224403960946 8.07111035895359
0.0425834942358914 -0.165738417206996 8.55429923079317
-0.0821048717423766 0.17845897042859 8.34457745920444
-0.0956280893722267 0.109411444396609 8.49792440501165
0.0947555814026256 0.100847613169821 8.20260438279219
-0.203233444573106 -0.0733884416529861 8.78387565572181
0.212814560496837 -0.132676099728557 9.20458085644863
0.167455237587143 -0.242871459859332 9.12700987663047
0.21644502469862 0.106307705185365 9.32963076164949
0.0924644571909999 0.0993702852470813 9.97510495766195
0.101590488992828 0.156677924962654 10.7066815281477
0.0495739346739419 0.077135773774123 11.3020298589996
-0.114879686113552 0.252017974840315 11.4311440798859
0.072189920529571 -0.0727054104600912 12.177500501084
0.0647697527674286 -0.198459971184719 12.4945843140051
0.0982124410290833 -0.235595923629043 13.1430574861699
0.032243244033157 -0.0163966156427723 12.7024399387381
-0.171436652990269 -0.060413601913141 13.3559183593972
-0.0307344345050319 -0.224487482824773 14.1815951103439
0.0985221262393634 -0.170452659493266 14.8208752331442
0.193714593051472 0.0272774383367151 15.3513477753801
0.0895039920563207 0.0246988569123484 15.3301567403034
0.155339825586219 0.282801581664973 16.0581399582348
-0.31932274666267 0.287650771081892 17.0714657873812
0.0843976654292943 -0.146833268491242 17.62782523508
0.0321356061539656 -1.07231189582845 17.9299540016465
0.363035990909029 -0.104193151051951 17.4657226319982
1.27795670889652 0.343561876538474 17.589401090365
1.95941168432412 0.808479249803036 16.9088728768298
2.05042833205759 1.84617040581628 18.6188079393971
1.9785094382613 1.28419192406404 19.244664767198
0.559695926796808 1.43853843008763 20.103038222396
0.273002180586555 2.83180938165888 20.0039476014508
-0.64701189219073 2.49963129368464 19.2049762991627
-0.605118024396209 3.63603039115357 18.9405526644876
-1.31664932996656 3.72464034403989 18.9145856086694
-2.37020437044265 4.55707793136177 19.4482252145298
-2.84886572806893 3.85801996379438 20.8018572923825
-2.54309016886282 3.16041637019065 20.7267573631719
-2.58324235658209 2.84887187185381 20.9139136128988
-2.24401603961185 3.18066979223674 21.5347206258852
-1.39056313032236 3.29936759349418 20.4417712142149
-1.26144210118159 2.60410823679417 19.3126861199847
-1.31274568262959 1.78143674399886 19.2289443529312
-0.1628948500755 1.51112907751802 19.1967178981442
-0.156944783958856 0.916098922190065 19.3988866636116
-0.32802888422023 0.641814252864038 19.6318752357588
-0.689816306095605 -0.0529620085756999 19.9656296832354
1.03436092089225 -0.771164533080563 19.8910511040897
2.14884874583191 -1.17331197936743 21.1264434114342
2.99000418684385 -2.211820040216 20.2461728101021
2.43540210535819 -2.13489462292189 21.0922973915394
2.85914037793181 -1.99518322255626 21.7853527789083
2.4618877836078 -1.45648852219364 22.0226268790815
1.61123224216474 -1.37983930659223 21.5129500756348
1.86312256620643 -1.19509297934574 21.3906313185692
2.53424529012633 -1.29612544056402 22.08324484414
2.63032754798318 -0.72373108641752 22.5564613562951
3.14974158947853 -1.35247018516747 22.8421537021583
3.6564580755922 -1.37423909450262 22.1781818374799
4.71684450552243 -0.86360544027352 21.7481023584337
4.71485212753755 -1.01639411123369 21.6403082868389
4.70081041595158 -2.02279051036587 21.3486519837886
4.6012374262931 -1.69545493870233 22.6596269504567
4.78116912362953 -2.62963368777998 22.9256039814766
4.96681863662882 -2.66341220914419 22.868189841842
5.13806041067447 -2.65244454486661 22.9320241630197
4.98518276716289 -1.3667129656302 23.7820748301941
5.18393144248764 -0.651635966820522 23.8091661023784
5.16714539724071 -0.375344888994897 23.7704642368823
5.98253380770499 -0.555477760961525 22.7309386276589
5.42974442669754 1.02045996226543 22.6928207056394
6.45507423744447 1.40976149856247 22.8211634716299
6.69769768808006 0.781456604850273 22.9478501079833
7.02457104991592 0.400573929499498 24.0681609471718
7.1813622528347 0.440780105221502 24.0937989342781
7.5850829666797 0.539264672770653 24.6427483810324
7.07526866466538 0.47330806397321 24.583904403557
7.51984083348201 0.999350653752941 25.4330984922253
7.52694863083044 0.095222209374081 25.0221199975829
6.67089702884571 -0.546667751323087 23.798913225034
7.00374123348269 -1.50691422635284 23.0753998536676
6.81936173250581 -2.43118409600492 22.851422119975
5.66650746698437 -2.032531821165 23.0602200207236
5.11164703330586 -2.70787174993558 23.3223962132399
5.10088806363455 -1.89747386920741 23.3649355775156
4.27508853101811 -0.7057637955755 23.8725946463815
4.23707312868332 -1.28100382058597 24.2039616223391
4.43741224916627 -0.684679002830071 23.1193822388349
4.27611025691249 -0.913468642534363 22.3746588626654
4.5505098647058 -1.18576635911736 21.7135672967806
5.01599213156379 -0.937737225974574 22.098673149787
4.52988120482184 -1.28814796882264 22.4797678214324
4.12223996659071 -0.908894631768483 23.0669276550617
3.93367255666734 -0.304724438714658 22.1306204347413
3.98059687858935 -0.50038810861732 23.1113171826052
4.72255881699095 -0.326675173055146 23.4157426218438
3.90706261451521 0.201010577307134 23.3647301869919
3.38954612313837 -0.64996478991675 23.1745792445766
3.07414728091839 0.681776721797559 22.3136065449177
3.14137248077287 0.961776561013502 22.3525083800925
3.44771418782384 1.37169098165656 22.2428593918277
3.92907048254028 1.52449190960291 22.8789338988182
3.33928493786297 0.640137802721526 23.9846136633484
2.90154071855287 1.18002693994624 24.508658476402
3.21630396807809 1.29644033813642 24.7789728734673
3.70178438252871 1.81303033258177 24.2368587911511
4.04132080732025 1.5077215652605 24.1195769556215
3.55457554870617 1.14790216664938 24.3058145951574
3.29147913775137 1.17227267889604 24.627204884273
3.42209956556365 1.74851504777245 25.1053913611413
3.64338769546672 1.18111105176759 26.1135158383405
4.43322628348947 0.622145534197789 25.8939968752748
4.76889974887842 0.759205937955083 26.0800978392303
4.8430912770164 1.02205679602426 25.8865392382978
5.37228329626945 1.77847235808288 25.3856923188595
6.29583099019511 2.35416425472148 25.7679034788922
6.14885624910421 3.7340918040527 25.7703327004212
4.93406693641129 4.01150403063284 25.8773769845506
4.75033777944982 4.12774013475367 26.5091833582071
5.09010241893089 3.61125505282671 27.3225932578467
4.64066313999942 3.70560329020124 27.6770199725093
4.54288897857253 3.66801710800529 28.0430103750323
6.17273413421224 2.79078295265296 28.3160508969035
6.45888044546565 1.88202748751732 29.4199870964157
6.45666154610017 0.988120697826753 30.5037730179879
6.71534587866869 1.78782860451662 30.0503351194184
7.91893123209966 1.43827261084255 29.633763467672
9.21546598822253 0.92205726350852 28.5553959670943
9.95347178825238 0.824834055518581 28.9412114640517
9.93748964482603 1.00483892814136 28.9038706341242
10.4183151740997 0.122438134556815 28.3426180726937
11.2313479528436 -0.421621546083118 27.5797374716136
11.0792817687404 -0.57780198688034 27.2125149414384
11.1493177469352 -0.827553220183897 26.6249560488137
9.45203431091464 -0.806645027147425 26.2423173741765
9.23321784192104 -0.0714969872928069 27.4012920006813
8.93950357790133 0.586246081260388 26.8918069051735
9.38739812595192 0.338151854569534 27.3969425956974
9.32240764747278 0.943930270530569 28.1455144319272
9.06551145253843 2.0443242879897 28.6991260658154
8.67498876915637 2.48975657018644 28.9147689614403
8.31715396886482 2.60300274915211 28.8361015215524
6.84936272272089 3.64176701870791 28.4882684603213
6.53708400699909 4.79642162517395 29.230171583734
6.60645169450602 5.36148575106369 29.4751012188947
6.77619189003511 4.67694716980013 28.8736876079633
6.42280821637241 4.13943946542036 29.3002109067447
5.45776115665877 4.22103355307429 28.7013254736425
5.73774584451512 4.86798800952181 29.8536963556539
6.10099706025078 4.7965980431001 29.4783370690753
4.90684035652481 5.42678843064086 29.9254400100315
5.63694595002231 5.33250977382877 30.1794043126566
4.67170274522945 5.33905470746476 30.5243854789288
4.20648655194628 4.61650377605178 30.1727125188731
3.39357214452196 4.0752957438555 30.408268045672
3.04043686757845 3.17093233347222 30.3256272857499
2.79023294695719 2.81880217240763 30.9163958015144
2.40108193419848 1.75656725684401 31.896489585861
2.27830741370713 1.2653404460887 32.3647349405078
2.44396925516925 0.684388417988709 32.6875960945132
2.34371943978728 1.80774631288214 32.500202049599
2.43304509071502 1.79431826042333 32.8300193514645
1.50655031306972 2.43202363215635 32.6439445269065
0.852930576224761 3.48448418758082 31.7450904105207
0.56750079039482 3.21549406635998 32.2240017196991
0.0695064504798382 3.42007715302542 31.7960123771865
-0.224422638915591 3.56270839983318 30.8325174720399
-0.599322288947355 3.42593453695997 30.201893107681
-1.1758110617676 3.07354205343491 29.8173089370929
-1.48064184513375 2.83553170086991 30.2478558654732
-1.72854803936303 1.40130860889313 30.0487834914311
-1.0621398986861 -0.265345805806894 29.9329459919684
-0.517475797414015 -0.78588713990152 30.1567707268654
-0.338975122278155 -0.459950684771466 30.2765819451808
-0.531497065445836 -0.925759627761618 29.9645856970418
-0.801749412994131 -0.505369621891253 29.0663521176793
-0.398037056114965 -0.236882557092198 28.1913553817849
-1.64371468114982 -0.784757469210364 27.1921091341723
-2.08500058106229 -1.99028387203656 27.4476642204067
-2.45875407356112 -2.39032612407801 27.527588960277
-1.99508808505396 -3.08863614344445 27.1074469301791
-1.99820481036666 -3.89642400380592 27.1384732445829
-1.12800013612141 -4.09870473941741 26.3313320696319
-0.995870539105159 -4.26007126813857 25.8744179907994
-1.4606639296894 -4.25094872107075 26.1084096434273
-1.12791852001592 -2.81943688495298 26.0638339486745
-1.45670260696814 -2.40926057840987 25.6690425214007
-1.7404924640297 -2.09565450290438 25.3447090657487
-1.43621694311545 -0.13125492597984 25.1685010605043
-1.79525931951927 -0.804119250463759 24.6231071385175
-2.4207970799492 -0.822067726383955 24.296274927828
-3.10520411157164 -0.958323412464781 24.3509264239932
-3.70187107721602 -1.12824000558744 24.6658168208837
-4.015390198035 -1.45348808536406 25.2401935327253
-4.87203905500091 -0.856609134395759 25.5155711940421
-4.84458104659041 -1.29319336783146 24.9495349301026
-4.6260711303296 -2.29195403898711 25.8315362356899
-5.51067650331065 -2.42380584012134 25.787384708668
-4.73582618242634 -1.63941083098946 24.8608670122694
-4.60336556738862 -2.33650358186849 24.4230345852496
-4.92046469735681 -3.06171022425835 25.0262385416655
-6.12694605623587 -3.21321499691961 24.9231762232673
-6.692014716298 -3.94170258371556 24.1353912228805
-6.45914833707234 -3.96367905971802 25.0713452584021
-5.61997748978705 -3.56326676853424 26.0399494978866
-5.61101803038012 -3.09288742447173 25.2218833571453
-5.26642286956579 -3.68379702207362 25.5402059533308
-5.58466508742306 -4.14119322279905 25.3110643139881
-5.88479315648081 -4.32298244944735 25.1818917942079
-6.06356346517106 -3.69363424384285 24.527382488063
-5.72696016861956 -3.46463213720819 24.5685040237726
-5.62770229856885 -5.00542076125615 24.6164901917056
-6.02000609063144 -5.69058681235238 25.1996492743184
-6.09908727044183 -5.39375072094215 25.1101756979577
-5.9696765955856 -4.98037445439837 25.0851567159076
-5.91920657563788 -4.68197748740108 24.9886831394716
-5.9149202093603 -3.84621709839331 24.4364568775259
-5.99825790455426 -3.03658009199686 24.7112792695871
-5.85626670701626 -1.93319928055264 25.1633429143189
-7.0488007481149 -2.59329840954774 26.4626788539431
-5.87476335827346 -3.16822358564391 27.5905872687647
-6.41356821050331 -2.82187166575525 26.9233193190988
-6.02321764721451 -2.78679975302057 27.6227373190532
-6.11071287247463 -3.04146886335398 27.2332888272084
-5.80221870960017 -2.93848027048766 26.5702552589354
-5.94244655896209 -3.21162716968325 26.1862834504964
-5.75845201109207 -3.42211897528592 26.012367902088
-5.81743305815905 -4.0128915650707 26.2259947624101
-6.45386703442504 -3.99490017293021 26.4889908675607
-6.74259240167482 -3.65822734983498 26.3310365248308
-6.15299072950804 -4.18214346090934 26.2015612503189
-5.96035599657802 -4.8541073633274 25.8762334309498
-6.02081908299941 -6.01234473277807 25.5564559449937
-5.55619372688747 -6.25934427909059 26.6438512155586
-4.87992611893027 -5.68848613087318 27.3187839381408
-4.39618480557964 -5.68729330407092 28.0622131750264
-3.75544517394264 -5.88812408254384 28.8353830981776
-3.69986467805953 -5.55226190689063 29.2132916475521
-3.40160796773558 -5.85688176379647 29.83011924777
-3.72256493441846 -5.65570394444916 30.861836923985
-3.61107331681093 -5.57723272948055 31.5413416918326
-3.45812890513879 -5.44919463578998 31.6736537045937
-3.33088750969273 -5.59656101719056 32.2236779141631
-2.33934810685869 -5.34034686146047 32.2104117253023
-2.07473012591204 -4.36415915368809 32.1017856695747
-1.81531594827914 -3.82562429420461 31.7065851234209
-1.12053547295975 -3.683512596989 31.6237295444904
-1.3928751679215 -2.87829820297197 31.3062325983797
-1.62858181524192 -2.64956231200342 30.8930619872448
-1.64824081851322 -2.72643498393109 30.5005485105965
-2.10584504430569 -2.54043823130846 30.1432619284295
-2.12568534146379 -2.83754738029419 29.9408076912448
-2.41530608637091 -2.45271087016888 29.5167551032352
-3.05509478937486 -2.39292424515292 29.7226907247312
-2.81464233180108 -2.39949560741192 29.8611558152503
-2.23230768945387 -2.08546858694851 30.2007071803147
-2.89505180227872 -2.48571837730933 31.5790351024378
-2.2333637912944 -3.38002261049395 31.158365855186
-1.89137386727428 -3.39338141546443 31.1725463467593
-1.9153634064305 -3.53809605474092 31.3531852153314
-1.71789862415387 -4.40820606760649 31.0700648552452
-2.29351278084171 -4.86548798342917 30.8322147553165
-1.82944289018884 -6.02637799131207 30.7404354527341
-2.37646657238671 -6.42455984349142 31.1017889840658
-1.82321877095906 -6.61845905944146 31.8201133900801
-1.79395292048279 -6.57736897918059 31.686793231404
-2.56956028264037 -6.8726003730394 32.1073147452218
-3.01913920781578 -5.98500143183399 32.5724780198509
-2.89005527691241 -5.37826480838616 32.5343826632173
-2.99369943324679 -5.89854821094784 31.8938141475595
-2.7945231278487 -6.01109464251736 31.9852127788587
-2.59560009499052 -6.60766843290962 32.3757656159831
-2.83196045855141 -7.08697568196021 32.1969680333915
-2.35142285418876 -6.96315698381754 32.5936521233377
-1.61743810344283 -6.60998718687602 33.276029259035
-1.55608988493513 -6.27510177990762 32.6022769346888
-2.70753262922054 -5.2983508834495 32.3560429508319
-2.4617612161875 -5.18388881442227 32.0549279214994
-2.33639999599569 -5.60657138031751 31.9017980286894
-3.08104819574671 -5.2358588412659 31.326041210879
-3.52168449511238 -3.86675790601482 31.6853380792428
-2.6349010913733 -4.02812466023825 32.5636551432604
-2.62639780332268 -3.00216913632062 32.2167466752931
-2.87370156401401 -3.2069823286584 32.7586778526908
-1.81891112302933 -2.55842247558864 34.0058695664391
-1.88252555897309 -1.49842426778755 32.916285823819
-1.74300973431926 -2.18399267190468 32.9632304914529
-1.96874155249075 -2.16796846890248 33.3461745520751
-2.06291940837381 -2.27029277291436 33.4561834118074
-2.42013724040225 -2.56265923472322 33.8067585213283
-2.86300956208058 -1.37685940662547 34.1284015907353
-2.02274519763143 -1.05825266458031 34.365187863936
-1.86266809391293 -0.67947544537921 34.4276243334577
-2.31306978377664 -0.0114111889982041 34.4462572439716
-2.01993664718093 -0.923154212510329 33.4656712271003
-1.42335377858859 -1.29840063087707 34.1549669813784
-0.93313730430694 -1.10033192732886 34.5986292324263
-1.94394016874124 -1.09290249303029 34.7861453394138
-2.04671070474162 -2.14125832758993 34.5522726227066
-3.39388911502581 -2.60484026818572 34.3214201085507
-3.47546527862782 -2.64069227819319 34.136093766691
-4.14863937363905 -2.25047251184545 34.1132019175757
-3.70585417115024 -2.09729713173605 33.4535974552061
-3.52580700765925 -2.69200577873997 33.7352471951877
-3.6491354625602 -2.69868630820964 35.1629513403585
-2.95284263096088 -4.00012525233883 36.1904899077383
-2.48605565024591 -3.71294979920899 35.8175093509757
-1.98161061644476 -3.49374486128551 35.4738225400606
-2.0980039637994 -3.87762480522396 35.7394892580194
-1.81766570494151 -4.36840921911547 36.4038953065874
-2.22590206228412 -4.93473365487216 37.0619150459468
-1.88639258980816 -5.07130556691503 37.5553422222607
-1.75846055737177 -5.85521553335902 37.5979101037891
-1.52597583422897 -6.38301701172896 37.0508854877483
-1.60738197781384 -7.8180452286407 37.4314698523776
-1.21049271355039 -8.39915739790676 38.1074341422595
-1.9315184715016 -8.11244566259377 38.4574377029837
-3.19242092790598 -7.66875215060807 37.4088773298462
-2.9263708511998 -8.26340764800588 37.4265031581336
-2.13452679856104 -9.11075183706361 38.119040818628
-1.912466224615 -9.5903791710817 38.1439812239917
-2.06865268744764 -9.27819266394622 38.0545544453185
-2.21291044192995 -9.02533301941585 37.9050912460585
-2.32400912303486 -8.87387743404984 37.8727323414746
-2.74511772128495 -8.65418082376517 38.0657325665856
-2.61531064229637 -8.70711718737293 38.5808335067325
-2.73183833968947 -8.39425148740073 39.0718862954117
-3.47254179862592 -7.56127854967009 38.9163678753916
-3.78485313420675 -7.60137047718597 38.9511743830999
-3.00045464067297 -7.83654717874238 38.9124229128919
-2.75660862749494 -8.08377700764973 38.8630247529591
-2.14294051952116 -8.53537794272997 38.3129979608848
-2.06360142551395 -8.68154309063961 38.8006547556006
-1.58539231065151 -8.99310716681995 38.8112249068363
-2.02035419598006 -9.67846556138175 39.2245376162898
-1.53533305263859 -9.39611669300403 39.4380528529934
-1.39708365984741 -9.67048358720621 39.0299513829579
-0.921840231536012 -10.5497708318022 39.7157469600394
-0.832143958747883 -10.6772089602981 39.0255725821732
-0.935624880028161 -11.3105843977353 38.8578123504922
-1.02600152564744 -11.0917402448349 39.9253580732819
-0.939049842844073 -10.7138663372181 40.1728006191019
-1.51074763491684 -10.7080801728581 40.2168296283903
-1.44825094037232 -10.3337128543436 40.6523644522875
-2.15528387332921 -8.73250533295876 41.2875505710985
-2.42186948413738 -8.2112489871713 41.0178575839104
-2.98142173030684 -8.07489625872129 41.1465538650569
-2.49099476399418 -7.71636521845514 40.2553762721371
-2.78082028869392 -8.37654135006242 38.9202302471828
-2.19145820483477 -9.11884971744741 39.2220733809336
-0.859520593104329 -8.73857552530422 39.4963410175408
-0.891650905338732 -8.30572072618061 39.8861220201622
-1.99641500527404 -8.61862925568149 40.2386660305334
-1.28386615277699 -9.0505409960003 40.1875340419994
-1.31964680674035 -9.14177511497653 40.0650233158817
-1.20605655237967 -9.49737644591074 39.6895744358676
-0.39439382682023 -10.1484192438102 39.1009473350328
0.0654872767336574 -10.6846009938977 38.6780150388206
0.728808936024629 -10.9631968556152 38.7447786801071
0.300033336531301 -11.3284517858017 38.4203899053306
0.437665416133241 -11.7831440593974 38.8556317962621
0.682913350940286 -11.4296848972466 38.6385996819683
0.515058758514125 -10.9748895337948 37.8320956954475
1.17580613899135 -10.4287749869589 36.9401606911464
1.44493577958905 -10.0142078127078 37.0047473456732
1.45184406768108 -10.3512503943489 37.3812932929983
0.282600984990638 -9.97279441155045 37.3211717242868
1.55460577971605 -9.44938928131793 37.4445763602459
2.12720766480864 -9.47367383347825 37.6635850619575
1.76277615179846 -9.4102462118905 37.4417149609378
1.63994772863966 -9.45596703281647 36.899931260396
1.70322709533849 -9.47744725138723 36.2994777503274
1.59086731575718 -10.2663504432412 36.5396154451333
1.2202623784403 -10.2088880900315 36.153057139549
0.52206962960529 -10.4037271345313 35.9027091264788
0.473107036492428 -10.1151707965417 36.5749206885273
1.07991808724271 -10.3249613973699 35.894151365614
0.720142518752545 -9.6607948999214 36.2399388001454
0.529284654293986 -11.0028480309015 35.3226421005512
0.887475574756197 -11.3608228147909 35.4304885959246
1.87875118729674 -12.1106005377001 35.6163366905158
1.78270800986481 -12.0962056661686 36.0543262578373
1.68085201543556 -11.3954467338899 36.6290067551547
2.47928426367622 -11.3599159173623 37.6082783537548
1.63836101648409 -10.2195275844907 37.6988579815668
2.22004541046731 -9.96473451976568 37.4282532150349
2.60832828711499 -9.14481543146293 37.2319040400029
3.85398394798637 -9.74688581634684 37.0150635954909
4.04017471329334 -9.30582523065762 37.0097936007292
4.04950098559483 -9.6643274792671 36.3403946808442
4.41679741089408 -9.83409829490041 36.5452997915233
5.19423264135938 -10.0377768436299 35.2623600893035
5.32019550347564 -9.96081094949249 35.4665066473613
5.73117912382618 -10.4736057559695 35.1873508537929
6.09226238933618 -10.0140831223342 35.2199247841683
5.03508881606063 -9.21596837117391 35.1412572276172
5.25788636363326 -10.6799700072738 35.2221020281836
5.6875107862994 -10.7902365859836 35.9397302267975
6.28622619411543 -10.6289116651573 36.453571170315
6.52600799952368 -10.7826948441276 36.0932991002684
7.3284117385284 -11.1680693730513 36.5442520618048
7.20285324680598 -10.0549771205755 36.8776244104478
7.56988017629563 -10.1928030765969 36.686165293378
7.43005080853342 -9.87932761616498 36.0109471809292
7.10169601189786 -9.72325223769536 35.5665786230946
7.15480049939253 -9.87864307287816 36.1936222882168
7.60444120129891 -10.2953670319825 36.4900762070341
7.52563465557627 -9.81790627482546 36.3501509851378
8.1448056500508 -9.06247231866991 36.6074487791512
8.41176015012774 -9.00398189465205 36.0234501722239
7.99363253824494 -9.04882009010857 36.0948015160033
8.35864960528049 -8.45747983678518 35.9736729432655
9.00850013902264 -8.34605641596426 35.6935269377215
9.27130905346401 -8.31030151463852 35.537629468253
8.89411895291399 -9.02182751873967 35.6553859357626
8.39282814235746 -8.80864220419318 35.7488778394434
8.91629040840298 -8.94473306239168 36.100299028748
9.66893104216611 -9.94349053397353 35.9052987353215
9.44640338779862 -10.5260645133474 35.4993207276857
9.25058980884459 -10.4743995746612 34.7660358289736
9.06950957271732 -10.2328086589101 33.9904963225754
8.99180711332865 -10.2372565621076 33.3024505808302
8.79366601841872 -10.2997577772811 32.905631837051
9.0812549801927 -9.10580689119029 32.7356014428987
9.11946035283855 -9.1687626850857 32.0740203513441
9.28320149467837 -9.73292430665034 31.0568185232597
9.07724919236171 -10.204092595861 29.973913571658
10.3364469683053 -10.3458568281251 29.6021196268133
10.4425118196668 -10.8049660404607 29.485243968244
10.9559902648013 -10.4866856356658 29.2267628558969
12.1906535159491 -9.55429679905932 29.8543209264559
11.490179588854 -9.60493788108493 29.4120095646717
11.4621778507832 -9.52443680249391 29.4651186469549
11.9045752405439 -8.86477105026422 29.2269497921882
10.8149864136236 -8.46539352047622 29.5166811732898
9.90694713339391 -8.27769313181212 29.766522422618
9.09679787834395 -8.52555863788509 29.6972482132879
9.05435077217059 -8.26896745707936 29.9440039147588
9.4660516320132 -8.56553091510741 30.0070428143458
9.49868176571635 -8.9880929629115 29.9251255777846
9.23361966948285 -9.48909547080372 30.3607374775192
9.10834381834728 -9.88301044208698 30.4970577289521
9.42414819097569 -10.1229777370054 29.739999673341
8.82042922024567 -9.80345452217212 29.5328743346462
8.11999385933452 -10.02843801636 29.7078636827445
7.8867487622513 -10.3279643504256 30.2674763152379
7.61981439469687 -10.0739383481502 30.5014217848516
7.83019602148544 -9.50418215623353 31.1077526496388
7.93785494755963 -9.39908226376387 31.7083211868399
8.4130505167726 -10.4237664704485 30.5525558327783
8.65937416155906 -11.06187431494 29.9948487357305
8.84511901613755 -11.0519234105142 30.0244646579729
9.56812732048412 -10.8879654121646 30.3224590151059
9.4016237593597 -10.6309104012605 30.5079731264878
9.51138547566616 -10.8102428026264 31.4045316396109
10.0235532017499 -10.1311728473417 31.3990996036217
10.267175304194 -10.5559856608748 31.8930584026464
10.6491382095311 -10.7155752901489 31.6331000632203
10.6953376719072 -11.7444828655924 31.6046730490045
11.5762791750554 -11.9552544724812 33.3038375577474
10.9543518765926 -12.1329636090589 34.1900228933898
10.3980266774852 -11.4616529939589 34.3802543104787
11.2159595824152 -11.6523105899309 34.7151562436355
10.2707450555693 -11.3995328624579 34.6080747543686
10.319306133381 -10.9148535804305 34.2828752054579
10.8014507330235 -10.8129110246225 34.7038227250665
10.1768127109113 -10.9856892018624 35.7358747664058
9.19781957042617 -10.5500165534625 36.3886868384439
8.98200849744699 -9.88142699011903 36.5185442734828
9.19444531380477 -9.22490798315454 36.1613057966022
9.55676613468058 -8.12272011291239 36.2432556208977
9.06881548956902 -8.70282433796484 36.0201132166501
8.69922305714351 -9.00539329435339 35.3883209089171
8.4444987166453 -9.22871811035055 35.5878979819171
8.07853344639289 -9.19885531740096 35.532582679069
9.02797311925196 -8.82981188379155 35.504596569144
8.57982154724851 -8.70422772972264 35.951082204663
7.77644762732733 -9.17640589798412 36.4843336785828
8.0189901000752 -8.81868360126384 37.718890449805
8.31223145757088 -7.89067902916093 38.0401677758628
7.84912030061863 -8.29579656946918 37.8021212902001
7.91094896423888 -8.22569707535769 37.9291624410317
8.19782481863897 -8.12321802848907 37.4779976128108
7.76585114442182 -8.12332410332877 37.8101091766151
7.43481581770767 -9.24387471150239 37.8886297728667
7.04791161915856 -9.4686066648436 38.249949479112
5.72350689699089 -9.72488168146124 38.4376507357655
4.7659559692941 -10.3740324545368 38.5634589874097
3.66148422819125 -11.1097184110034 39.0627631273908
2.94156517798179 -11.5096022509721 38.7158840916393
3.40253167763503 -11.6610163501565 38.0008525058059
2.83035485469972 -11.2107274174565 38.0882593714533
3.18797434133137 -11.2062911059198 38.0345008176154
3.350081793158 -11.1715234408903 36.6731159435254
3.38922619984065 -11.4102375112008 36.2280057747075
3.4367107642666 -12.0177425573613 36.2308459880085
3.21546791698239 -12.2230940249838 36.7443352041384
3.95619433574887 -11.8190087186728 37.1023251293804
3.43028108675379 -11.3023899510162 36.4676764855496
3.79978434008933 -11.5541208546237 36.0052621724499
4.68876353137569 -11.6808396314709 36.3998703833731
5.2929119656123 -10.9831547288177 36.5926526210851
5.47310491880651 -10.1858202455134 37.2900706964977
4.65369838486321 -8.69284287153009 38.1039074631416
3.50109715125522 -8.71523118930011 38.526784599053
2.88660418357425 -8.91243459452395 39.1200592772622
2.63018790043628 -7.70218950926064 38.9339091178405
2.49892656984222 -6.76458775983246 38.4031555993593
2.80540489998585 -6.12770157579809 37.4155305741201
3.16680771085207 -6.14272411787056 37.3844658074666
2.96492588775297 -6.16219569537001 38.3340881170042
3.20210977715638 -5.46136563362259 38.6122185778247
2.87223048856966 -4.09159697896898 38.5268666547449
2.5272134556514 -4.4740886460333 38.1474816098499
2.1523241045419 -3.91572453700635 38.4029269678714
2.41177541070255 -4.46898793645331 37.9420227181702
2.37691327947231 -3.20497492845952 38.2492252322077
2.85313989017729 -3.80071170049717 38.3202878682384
2.97032428675917 -3.58902540774252 39.3300748440596
2.69278210633572 -4.60304723472952 39.7379110304611
3.18240785728973 -4.33475377593235 39.6424646790817
2.86970596951089 -4.99602881400348 39.1348767487413
3.06163481560061 -5.19007466125426 39.5663348451675
2.92539348944423 -4.87639145726128 40.4613052087735
2.87498221231563 -5.54224451366302 41.1293877240687
2.26961514396119 -6.26696359241179 40.391064812891
1.75953266752461 -5.91945035902906 39.8868362943504
1.51193372754343 -6.76634410630339 40.8354057544097
0.771388719635986 -7.36877193047402 41.1813616211174
0.774750597921344 -7.34433463794922 41.0668883347962
0.77239159374545 -7.06551223850092 40.7970440649443
0.641324396422456 -7.18438936580744 39.7375931710486
0.453530536244892 -7.84725428877509 39.518831276939
-1.00011480296463 -9.23649701690348 39.7483333015461
-1.58651769893667 -9.46025807069643 39.097425061337
-1.6768511034766 -8.73968808117907 38.6197897442567
-1.10300032912481 -8.6223865419291 39.3237822846363
-1.67275619780264 -8.81645306646828 39.1112462333909
-0.87109220809748 -9.94418465373231 40.253502793248
-0.723933694900638 -10.209795930228 39.7693321574458
-0.514235688998304 -10.8895841578584 40.1392945640685
-0.589406344118943 -10.918922943497 40.2396742450521
-0.320914088536582 -10.9088575415675 40.3348061116051
0.428562463144285 -11.1654291588664 40.3181133141597
0.751407607082052 -10.884044762949 40.9295551633218
0.58226969801017 -10.9916353108071 41.4321234992678
0.634191399522337 -10.2448088517158 41.3238619967406
0.0137773230077518 -9.1532178606084 40.694598207264
-0.755736296660391 -8.21281227694717 40.4253157918247
-1.56229678328198 -7.3951328495727 40.28720491871
-1.82721945838357 -6.95846557329247 40.489366762673
-2.6396891727118 -6.37337141008282 41.0762593743992
-2.63194952854274 -6.59401098188577 42.0098997676929
-2.85192531449661 -6.33899891561931 42.6482234522553
-2.09405559745504 -6.59494177763201 43.6626240594393
-1.85038184849398 -6.56455708849842 42.7857234701382
-1.49364048871004 -6.29618823406614 43.240583871495
-2.25696620256029 -5.40732989028299 42.8471108643619
-2.43212649108177 -4.7348055687569 41.9304839095607
-2.91119770418484 -5.13952955384961 41.4383233582843
-3.44544987109394 -5.04860231125423 40.8853953178163
-3.4270595904568 -4.94229704055038 40.0838546399394
-3.04090417410416 -5.3341650526518 39.9107417401409
-2.88068766409395 -5.40395402291627 39.5080048917661
-3.04065273518634 -5.18565775368801 38.2556283438177
-4.00230822678663 -4.87283850687029 37.3195620752252
-3.95301367543874 -4.72183317968035 37.8464890137358
-4.03822236718564 -4.68476582765007 38.201880386153
-3.94103119826311 -3.98093925428954 37.9101798538211
-4.33523928664588 -4.41015286717762 37.5777583429244
-4.28719354475785 -4.14773300835973 38.136028243025
-4.21349724677712 -3.70662932312633 37.8405950255719
-4.12458937121956 -4.23109096866543 37.9629493735015
-3.63507306255537 -4.82357430795134 37.8077258220082
-2.99859475971739 -5.19092628123044 37.1500855082524
-3.56944915220333 -5.37753505396722 37.109819764382
-3.69010297162664 -5.00020560199728 37.2993987607228
-4.07666430961796 -4.5897426939731 37.7676972887043
-3.97253540207336 -4.80360583422839 38.2255406444238
-3.77522438210658 -5.25090931975653 37.9686310609998
-3.96669233981945 -4.73091431523343 37.7573836458012
-4.43571181039309 -5.37413710698464 37.2197211081116
-4.98258041357047 -5.8132384008159 37.1958258803942
-5.44808171614891 -6.56300588421604 36.6803904666132
-5.23228541625605 -7.04469269377892 35.8111916220145
-4.82143962615045 -7.76539785580137 35.0759961738065
-5.33399078264235 -8.10672277014521 34.0981853142667
-6.31167783905698 -7.4246645210846 34.8939069318905
-6.11546980170896 -7.51803179397167 35.0820753696506
-5.5382472445909 -6.86989811978966 35.3519156479571
-4.97199783979495 -6.53882721278327 34.7566180210968
-4.97368998375002 -6.63254573146237 34.6221930187242
-5.1681731253566 -6.19435902006858 33.8918392718455
-5.91626140276724 -7.01046202581124 33.1254626008228
-6.18498156897526 -6.97343111191541 33.3362816944182
-5.5712153542562 -6.44047181180776 33.5681577252661
-4.54251461721489 -6.4973556231835 32.6646945121924
-4.93654408761546 -6.89517306288217 32.5354103594479
-4.92532948945215 -6.98241336322973 32.3613429751478
-4.94924135618651 -6.54555305412191 32.0311525339606
-4.36361011470131 -5.29277600858078 31.9658542720118
-4.36400048653695 -4.75392615384778 32.2709099973639
-4.86809084043549 -4.02042321265461 32.2571420661698
-5.19267710874895 -3.66573652183788 32.9059907792884
-5.65318554907366 -3.80598117236242 33.3194623637525
-5.60141610912991 -4.22198324864049 33.4379983772478
-5.39144881914999 -5.33569907746636 33.9428108506695
-5.88283677011797 -4.42495745533736 34.5911916227619
-6.09617977740176 -4.63716256443295 34.6816207935588
-7.34064691569921 -4.58352390281069 34.783212635061
-7.07464813073778 -3.94707339843687 35.2984384747842
-6.77296984011195 -4.17761324571036 35.5863102244218
-7.19442872288652 -4.42316899006164 35.2887960428792
-7.52485403845632 -3.59676953553643 35.5837037499863
-7.66559384013144 -4.090652242981 35.2905987154764
-8.51238457975359 -5.22084798716411 35.4426321936478
-8.75221523585467 -5.25282406151104 35.4596023200216
-9.48032820075793 -4.93173019895962 35.2228269424169
-9.006457940589 -5.36542137546092 35.2025624874562
-9.65399035191959 -5.8454629989412 34.5538966575241
-9.34935941360549 -7.32294343485659 33.860346453634
-8.57536300544145 -7.33193989390848 33.9165020974897
-7.94907005980073 -7.77647725296877 33.9946264743402
-6.70472067092412 -8.02972868716033 34.4569579842251
-5.9904838783498 -8.06220541082941 34.1502342679987
-5.58756083737393 -7.75908604351954 33.9413666537302
-6.32463029790957 -7.34357334122172 34.395216932732
-5.09311370795465 -6.98470937025765 34.3515528124703
-5.00327697930154 -6.55769995035897 33.9261170897085
-5.05198173071943 -6.55501211183492 34.4368665264188
-4.98807045641546 -6.43324949826167 35.510622913592
-4.46540118627282 -6.1532416955152 35.3570017889461
-4.3644515807572 -5.52865199414074 35.3531411884118
-3.95430462794017 -6.44895877962826 35.4903304111762
-4.09708920476721 -6.59032363062165 36.1398180835534
-3.54251166587747 -6.19024183632721 36.712439677128
-3.00275259884945 -6.85043009619793 37.0697081758802
-3.03922659505229 -6.9190092689411 36.9159274644819
-3.0303221104674 -6.79458587021482 36.461765025714
-3.02603142593399 -7.09745137480525 35.9550139256872
-3.51649614178799 -7.97666901277116 34.8570842608927
-3.20741016487086 -8.82265598257347 34.4755870834242
-3.09022146637028 -8.70708857689974 34.5962263991066
-3.11102758097327 -8.5708124483155 34.3696654212401
-3.17742772701593 -9.01851211526884 33.9865440172537
-3.31917230293402 -9.12348884358949 33.8259574233233
-3.14250695883447 -8.83525863870924 33.5684490689095
-2.45023864085671 -8.83366356457419 32.9919848466878
-2.37468855679501 -7.98134192507847 32.0257642840463
-2.30168983709269 -7.80205313285247 31.1775231791354
-2.24699751781071 -8.22853437053905 30.313725636379
-1.72687747397615 -8.34949377874429 30.3104218320823
-0.887454659038323 -8.42378533634637 30.3920147113494
-0.586905173134097 -8.28712726377691 31.3892269628628
-1.19485503158279 -7.63427715542679 30.8961050981307
-0.357865962265931 -7.24474305426013 31.6572964280822
-1.57695652687786 -6.22648768222302 31.8909079422929
-1.55214178957189 -6.13430238436946 31.6650414417459
-1.57416646163191 -5.66475374415639 32.087576125695
-1.61668519423742 -5.26474711056963 31.8911855744161
-2.04026678844878 -4.99832175586624 31.376653073683
-3.39962842422511 -6.05926327276478 31.2984410596664
-3.27235750543799 -6.0791150729247 31.0936620236547
-3.63733980649459 -5.89730222115221 31.3024727701558
-3.39162067319064 -5.02570557383121 31.1901344566765
-3.26607834561205 -4.92096948908227 31.6820204435965
-2.9161338569213 -4.87772893008238 32.278691662067
-2.78005339649303 -5.27879458321945 31.8154274866956
-3.35823786362909 -4.6705798976691 32.2066816557395
-3.4825097653488 -4.18521178569619 32.0669171026099
-3.30047600002468 -3.43045281686485 31.3221880743873
-3.72975576373363 -2.99228157837293 30.8648090712679
-4.56609460332928 -3.13980431068016 30.9287479092011
-5.33112408521937 -2.5532749944742 30.6879538057273
-5.15853105097528 -2.27416567545777 30.4280230769133
-5.46704103743101 -2.09000398222148 30.1903011904006
-5.19437962593309 -2.1550645975261 30.8468816653851
-4.55227869505426 -2.23453950698939 29.7405496920965
-3.88452894899933 -1.53463068064819 30.003960796769
-3.8815944769523 -1.56890762451513 30.3077723342169
-4.58393963602806 -2.47998946011966 30.6965797408299
-4.13387258457841 -3.26621021286048 31.2020753924676
-3.96109203552794 -2.0958354474157 31.7512852782646
-4.4150612013985 -3.20551792498656 31.3753807242886
-5.00246305036538 -3.29514392125473 31.7154908690662
-4.17335717469958 -3.33906122305974 31.1246917874195
-3.7324315119453 -3.3046742056205 31.8463947101702
-4.02733347758859 -3.30474271335058 32.6247107230973
-5.23307632236901 -2.96572120963685 33.5811499516572
-6.13579081671728 -3.27406295533498 33.5855264809638
-5.64010895772598 -3.13405021741242 33.0188561777264
-4.57910602705626 -3.12562909173992 33.4343983907103
-3.78979745926067 -3.88038666391522 33.6617007548172
-3.8411469098786 -4.32839496957319 33.1708594652593
-3.63206692547926 -4.88403251289755 33.135633966798
-3.72828008009432 -5.07971012353871 33.1091225413385
-3.70141018253632 -5.04740838680061 33.6943885955411
-3.5378571514136 -4.55781862021344 34.1492060732478
-4.37766325009829 -3.46530020255511 34.156229771408
-4.14769624180142 -3.46555243320758 34.3736190666914
-3.82170499687096 -4.41740129964136 34.4075721046924
-3.53192761104061 -5.00339976073958 33.9811015909767
-4.72223878158376 -5.167112100756 34.1957153750507
-4.67921741229282 -5.42976418075275 34.0734339509831
-5.21772079423827 -6.18088289871876 33.2818765444866
-5.68645171939904 -5.97879561538111 32.7120975078855
-6.37398092738538 -5.891893651069 32.3259717148391
-6.64076556295094 -6.18101528799708 32.0062334594991
-6.35051089507465 -6.46602468991306 32.2961281220514
-5.92199658532224 -6.69731117477417 32.3846308480576
-6.43446677230703 -6.71452566223794 32.0024090960018
-6.89771730467742 -6.8584816908806 32.1349497086417
-6.73578868321369 -7.16843949454977 31.6010913467039
-6.76766090520084 -7.75579757295146 30.8530079149432
-6.41667776452522 -7.94906599266132 30.0397862231325
-5.28109788518445 -8.1622000794486 29.5120352738061
-4.98175824776853 -7.2847931217922 29.4848040692013
-4.88617782178983 -6.30912139645211 30.6208143030294
-4.47017783183981 -5.76742564639254 30.9104770634125
-4.34461054051433 -5.47027285780545 31.4878000257441
-4.44480878076092 -4.1852490876827 31.7241282798986
-4.61174167122336 -4.43795112105129 32.24975559178
-4.80552883585168 -4.31805374981713 31.3029070819499
-5.45655441997661 -3.70248355406725 31.1729506712724
-6.47448164539341 -3.10876346149684 31.0762023516469
-6.88795340155642 -2.24755549961336 31.2868866275226
-7.1986851289799 -1.12866075534006 30.6804255474442
-8.09357505051492 -0.864261440537833 30.3972666804027
-8.23616851307769 -0.0223472370893588 30.5738170131182
-8.39803811197073 0.717481240146428 29.6142478007588
-9.30886253953085 1.61878080221618 29.5389509830552
-10.5845825336982 1.39383554510478 28.5390741449259
-11.3125850126007 1.20012754719241 27.7936953433772
-11.1828214365727 1.51341906845613 26.8128769191949
-10.7404978544064 1.66071491225166 26.9038397371867
-10.1881683468634 1.19602043933215 26.6868384262318
-10.2540918611851 0.968700603765027 26.5301970358606
-10.2703621889564 -0.47511744365359 26.165448069148
-9.40792925619714 -0.954382874191139 26.5199380941757
-8.80994067579071 -1.03138860842501 26.758571818265
-7.85159337530628 -1.15218108303308 26.4088285229306
-8.75565476386042 -0.689133531664369 25.7948228525373
-8.78139939821758 0.284772655401209 24.921046046903
-8.79231354214083 1.10393895220795 24.8941595567321
-9.05205885721878 1.48319726278906 25.0773416149512
-8.76899320446078 1.16148118748145 25.3044733629181
-9.06203398178086 1.46999793068831 25.2885122598226
-9.54432001511757 2.10298811948229 25.1325415036885
-10.6118240090147 1.29747136769501 24.6577087857918
-10.9329125889953 0.509769996795071 24.5585097405282
-10.4131855811231 0.335486845414303 24.2574693945436
-10.596480578975 0.844205104033387 24.0668524693406
-9.75055888179005 0.347018640635937 23.846043466568
-9.90993406524678 0.327324655486187 24.0860622517821
-9.7336591773227 0.257041303544236 24.6087505784826
-9.8300459581827 0.828969785977713 24.2706507416777
-10.3561502893384 0.28569706010533 22.7473111976939
-10.3594994054383 0.233621386302857 22.8377054824416
-10.766945751794 0.600059077413024 22.9689030220802
-9.95636693886214 1.23726347382836 23.6693770012468
-9.63678769231092 0.781880797235783 24.2639244739818
-9.20696387455641 -0.351714917360664 25.0157178948175
-8.60881181391304 0.28388646358119 25.40078607775
-8.39089944738405 -0.620929454035123 26.7805157114747
-8.40092602183271 0.320997733557219 27.8487793137022
-8.50765081212875 0.0234112445027089 28.6630186312658
-8.40041803788907 0.571008052690141 28.3143951496595
-8.29903122919545 0.0770286055407767 28.1010010492144
-7.80262659035258 0.486890728520597 28.5817645089396
-8.60212220497084 0.739422192192736 29.0518255229463
-9.3295230153684 0.544066674985824 28.9653683327508
-9.00670912673557 0.76705127509311 28.1801953771073
-8.84161729801477 1.06436608393135 28.0545015875655
-9.60820095597068 0.971456548829374 28.9856751591163
-10.3926248587149 1.52503429094643 30.1334489710869
-11.0742745145467 0.749824846895879 30.3605287422288
-10.9459958474951 0.0294958546492365 31.4604320229613
-11.0396349580753 0.49471869882417 31.7443318681744
-11.503408771328 0.670019958254165 32.404580723714
-12.1243473999589 1.8141294540615 33.2724318091527
-12.2678387965087 0.805449061263408 32.8740580537327
-12.2170827899728 1.65106339834039 33.4045940530862
-12.2587088055287 1.65669359357094 33.8936692454961
-11.9208187858998 1.45261861562317 34.1673014202086
-11.4855141677431 1.91652188605679 35.0579493660619
-11.664943717254 2.1146865391967 35.6633304270461
-11.8889330333331 1.47310500205314 36.0878340578128
-10.9469336336677 1.1649496862803 36.0138957024301
-10.6104028917333 0.609275605448413 35.8808157300807
-11.1373493145086 0.487728582575844 35.696100851041
-11.9748998021564 0.723083599375207 35.0905261817363
-11.3464114694838 1.14152758247461 34.879459726052
-11.3530477322497 1.02987692060357 34.7783011484805
-11.9863881787933 1.334758596423 35.471803197086
-11.6456609003936 1.24937914974498 36.2133354977216
-12.2209186994399 1.86646151318445 36.7079848873125
-12.016336701482 2.05102193520789 38.3854064109528
-10.8187197548711 2.25826825558465 39.120357266965
-10.5575607266209 2.50197963928575 39.3788820057437
-10.4873848010977 2.5795476272572 39.5097975392553
-10.5441350572618 2.83481425306185 39.2119218885181
-10.3210241017316 3.26247538685511 39.5331134536005
-10.3240056910351 3.52442495159888 40.0841565379231
-10.019847256945 3.93154880658525 40.7965011555726
-9.27339606494841 3.74179015739182 41.1461486330727
-8.48133400282465 3.69049740226075 41.6255884782973
-8.73441070862541 3.88801640387851 41.5519319593196
-8.64595765934316 3.65955326764556 41.702683186957
-8.44905640747217 3.41075209478024 42.3239366315601
-8.46562630652174 3.52039069586115 42.8960428499553
-8.66068422181565 3.68668667428926 43.3349580131975
-8.3765894317146 3.25425943477305 43.3509446286796
-8.35074299348325 3.34761723995495 43.1622086210402
-7.37521041872918 4.39335072362567 43.3732411112145
-7.3468970453636 4.89223578118715 43.8728990941863
-7.91224188685519 5.53402436719984 43.9448911360896
-7.55828125856655 5.40462648393363 44.3127770240781
