# Fix print output for fix tr4
3.84875311233932 -0.0964950965075157 -2.0126109554885
3.85309953230041 0.261267055538612 -1.91468943936913
3.99114881165338 -0.186628934389472 -1.42755467604807
3.88755377587057 -0.411798136836131 -1.79855960884127
3.62616657152847 -0.842790184880491 -1.54701828348356
3.84832891613225 -1.22501883094157 -1.35848306832588
3.99381252719321 -1.48199110448415 -2.27195446852872
3.47574736824508 -0.972602311389636 -2.60037579382926
3.87503202876473 -0.419022028299141 -2.13185534716592
3.98184544804186 -0.362924746122133 -1.62741383916421
3.63767419133244 -0.384754623766242 -1.76640193658717
4.04464303505053 -0.685726953559767 -1.66188174710333
3.780566062583 -1.15086737044149 -1.35300256235911
4.01698704880422 -1.42242659112307 -1.675058338106
3.94034323519231 -1.66009643324077 -2.14615653237074
4.08436492357268 -1.29104755681417 -1.36193966857819
3.72929320901911 -1.48738657742772 -1.76906450678545
3.78189800035399 -1.78712818475695 -1.58161786504988
3.28545853792159 -1.28247815633832 -1.76895835418732
3.38354658656416 -1.05399005349611 -1.47924424847651
3.25040148983366 -1.2569206891111 -1.70923719374035
3.38081904135292 -1.43207871876876 -1.71960286385448
3.55793758589416 -0.834153603785924 -1.64315773467036
3.8942453265087 -1.18796745516453 -1.72206669831085
3.8292054064048 -2.12638303580383 -1.97677404631744
3.71348001747402 -1.96672858916552 -2.20267120812555
3.73630444442051 -2.05090109259088 -2.30042538623851
3.7014796345176 -2.2259560783454 -2.23745453879659
3.95236744889612 -1.85798163504466 -1.86109292859734
3.30776715685025 -1.94755392227768 -1.373915651303
4.08557851656385 -1.54298092779827 -1.81175772962458
3.3323435321932 -1.68778997897853 -1.76953205449684
3.21020504073393 -0.80267254858301 -2.72860867202534
3.95380253318723 -0.911272722010525 -2.16251275532466
3.66193334528614 -1.15956546189315 -1.81616601889223
3.94289716055474 -0.966455106822273 -1.26302018636193
4.14993883926864 -1.04756606757771 -0.937554682849976
3.85240149401999 -0.911532718773938 -0.897233122794274
3.52380664072846 -0.524923440279821 -0.90181849534103
3.89305237596546 -0.530967589745825 -0.833668781521741
3.32919134416704 -1.02233881312562 -0.72042927986654
3.77014800467165 -1.11845946049639 -1.00676761009183
3.64399480512648 -0.640517156576379 -0.995415955277516
4.05754684329564 -0.982551617550339 -0.815637720082113
4.04929702358193 -0.811578865643435 -0.536321728554539
4.20609211734798 -1.07578113039768 0.00934475287248045
4.38211347237662 -1.41907770623987 -0.00915782734786515
4.30115740244715 -1.30163235208606 -0.120048941832293
4.2383122402718 -1.03368618921947 -0.695321243415853
4.21821401575022 -1.47744803832187 -0.211100937928006
4.33448090404538 -1.55514624349398 -0.358581322981472
4.201744669344 -1.20854512817903 -0.242241871894521
4.27187335316862 -0.342779868695875 -0.781047614620855
4.11312684776752 0.585954115436135 0.272150584309292
4.25140756509864 0.472970041785054 0.135457254617418
4.12479009593466 0.444438717326191 -0.199834655153019
4.01791747219666 0.655974090613696 -0.736153077997149
3.94934952228706 0.623210095229708 -0.543873203458724
4.25051676507529 0.695602505348826 -0.644526859035269
3.72674262990545 0.607736715837738 -0.50386082929625
3.88882657385937 0.842233927515232 -0.604317925992518
4.12133910517575 0.919401939695817 -0.707021290660972
3.59068364772376 0.887132328997818 -0.930186003631435
3.52330110669253 0.321883919005376 -1.56250245521033
3.87389383834759 0.467044955362432 -2.35693098176111
3.59147011285312 0.485458719807429 -2.64038501827144
3.70084460281131 0.355969397999871 -1.8445355078712
4.00059656698239 0.458877648236353 -1.23151958325167
3.69953152781678 0.723961108876452 -0.868999337429292
3.38571084120637 0.313575751429686 -1.07864257424944
4.17143318483284 0.0565469015874093 -0.901552183161858
4.18167327358296 0.832279138600932 -0.815812762330104
3.32147348791952 0.732592177952487 -0.291745517264747
4.0613647319743 -0.300045107590296 -0.538134719192788
3.68759885738382 -0.0448738112312206 -0.365159526817976
3.51827510573607 0.025410985067724 0.0663037291098125
3.70033152519735 -0.195494307936212 -0.668629777038269
3.55821696676864 0.434372930309034 -1.43219049204269
3.16504958623558 0.00933560374546323 -1.32429535462061
3.06606360734467 -0.302434296732067 -0.644007191937745
3.00182481407879 -0.701491489487969 -0.866889267403254
2.60169339190303 -0.606716003866538 -1.12608911170118
3.30035298557229 -0.121702691967766 -1.53685270706211
2.72963305562681 -0.306864925054376 -1.17136471944064
3.92230887467552 -0.221108634492209 -1.5358166692912
3.83282724527654 0.0447637777448437 -0.854912707186717
3.77209822984806 -0.316308652176649 -0.292465480141171
3.27032008769378 -0.387937266570019 -0.765512896111741
3.9353965982303 0.604883834027934 0.150574865062055
3.85191410079507 0.45640019772798 0.245064072758536
4.16471030201592 0.0318512728844809 0.49926386338951
4.31239505658229 -0.493753376881587 0.0376165618729526
4.21514581649221 -0.314929152374998 -0.216643458662596
2.8774623162488 -0.431031536243076 -0.188801539475506
3.16603377285299 -0.614883563461194 -0.421162308777055
3.95173787730268 0.0692181178051249 -0.226038412211769
4.14233775681136 -0.506013280428842 -0.524767508201573
3.86914051927692 -0.328434194574713 -0.17153149242607
3.99540843897202 -0.506888930556191 -0.565481592974038
3.96031171833374 -0.393954055432913 -0.204479507015016
4.18091080855058 -0.00447853996526988 -0.496657200349415
4.14104008981313 0.674292389692304 -0.550761680848833
4.08371986763172 0.784776933794733 -1.00868768505099
3.63845728001897 1.01011510435745 -0.916086619442651
4.30018905518271 0.601503617705739 -0.208123341435884
4.12909529942633 0.718788854575943 -0.736414625718602
4.17730245683908 0.952986846904962 -0.848622290852115
4.18921159881506 0.831544967902764 -0.475985709602792
4.22507265077824 0.620880627366097 0.0500565166230807
3.43712613007597 1.00983461019135 -0.343474109047915
3.45498233118612 1.17817020086103 -0.0874260492705758
3.52365788450031 0.948407762011927 -0.599771646191192
3.65359734336206 1.07994439012194 -0.366997871941066
3.65307278365866 1.10087580405322 -0.935401001592199
3.8909796132391 0.514815105955152 -1.30454509446895
3.6182485143798 0.474009901818497 -0.524195835781671
4.09858599523743 0.340554346431868 0.253149532498056
4.22094443733276 0.506644597224456 -0.155765278408412
4.36041102272813 0.961117390427337 0.201537556879382
3.39765334163304 0.219499627507646 0.237511229829579
3.58639171679655 0.438483573482011 0.614931308317154
3.72430137639999 0.461417588200393 0.974715840646597
4.32970128050349 -0.362757307693935 0.733981661147395
4.11775762383245 -0.294017625779495 0.643444935410272
3.43983770018402 -0.653625448599506 0.295022114018654
3.77374813032875 -0.195186635190822 0.00303916311582285
4.03260931615086 -0.754544931512863 0.196380992307959
3.99231765083762 -1.51679045627719 0.631152670509625
3.22796343804901 -1.38702933008506 0.158203252386695
2.84228659082474 -1.63041504377144 -0.215740317784206
4.02237219588049 -1.82339113042672 -0.138215081274244
4.17654589020881 -1.80840298296872 -0.893970608938787
3.8146189654253 -2.06396402831743 0.187009031583917
3.62865694407203 -2.1815098224097 0.325274465120383
3.72480806795361 -2.00390038682116 0.562181122302421
3.25205469618403 -1.82091530085499 0.731073980619893
3.16658194201905 -1.48985504329195 -0.606482299262865
2.84375885564791 -1.49417125288587 -0.0612697786446867
3.25453161669895 -1.07051227842768 0.419878567903169
3.70210893536081 -0.330442504683507 0.202061718072002
3.6848698851006 -0.165841994088566 0.85189222182362
4.53505073118666 0.0177483898567817 1.62015584983103
4.54116138118572 0.159423989888069 1.62312620826785
4.42768720889802 0.351896407891395 2.45490445882904
4.60534313102439 0.0231730555545653 2.43293832446891
4.5549125880766 0.345286486173574 1.43476852408159
4.26022683538668 0.846642002677674 1.63815040336163
4.03588599993796 1.21106894531713 1.98923200963354
4.50260082612426 0.446311850860287 1.66856336336499
4.41194580338739 0.47447329326858 1.82432026678738
4.4157553905982 0.677555421121742 1.43843299266728
4.52761837389204 0.81499247012385 1.26934865033732
4.15108485133669 0.989681749284078 1.19302796854696
4.12419667110122 1.14273682353485 1.14571706151421
4.57376147603858 0.740421752684586 1.0795488698069
3.91743350238319 0.394588983108079 1.94208215367403
3.35982500899574 -0.045078143805284 0.918364193212567
3.49438143312405 0.0754858549944269 1.02870518546022
3.63884944038302 -0.372803296250801 1.69585447196026
4.15247931923886 -1.02976708265941 1.63659228184768
4.26031117408085 -0.565225527444244 2.39396106866872
4.46159625538112 0.230450224565863 1.92067747800871
4.09794762002469 0.478611559619671 2.29021428258548
3.91941812383065 -0.0400471986833307 1.70417838273645
4.10819477203687 -0.0980532164542917 1.92471497863653
4.57156120756119 -0.58482541490161 1.3205698347642
3.92667049006465 -0.769066106388015 1.46337850592429
3.88134577757368 -1.64222170944851 1.16501958724437
3.24340734641167 -1.54786775389863 0.775882529469787
3.29718582571644 -1.81450663245216 1.88268669217034
3.27665643136753 -1.45960729948562 2.09177401102503
3.83474149137451 -0.987580485379806 2.56490407393069
4.31487322573944 -0.398983708479286 2.13845979540563
4.61337665641174 0.0363251969136002 1.77073579428321
4.61478067317274 0.147905765226252 1.78245119223244
4.67969493070464 0.104308176996217 1.85214844577245
4.50995913211365 -0.257159213108884 2.36051762443443
4.43545538975109 -0.453806020277367 2.36611644034937
4.11564247654705 -0.436164092216033 1.79100498410338
3.81205356799943 -1.09893474416313 1.9295782856373
3.61669376177789 -0.785986598419221 1.81339272353984
3.49848938432244 -0.22180746730241 1.69910367782516
3.42028543782108 -0.728537289885269 1.58506940091191
2.56521485005583 -1.18304219248301 2.42416230229486
2.65336987321807 -0.540330631395726 2.44991063035827
3.9316677141544 0.100265766223279 2.90863584702932
4.56514817138194 -0.358062865827961 2.09996636039307
4.55900278087912 -0.228108712890179 1.10403256117861
4.45028258730071 0.10191422260266 1.37655434468151
3.74341424921155 -0.16508748660638 1.81301877661946
4.61443290205561 -0.263979571300369 1.66992989634484
3.65131451314143 0.574511300534354 2.81061757960987
3.23586416999015 -0.127773492561675 3.0096793101075
2.7343402730435 0.176877784891961 3.39319075579717
3.40435264535142 0.844576358113878 2.76474887555202
3.23194830706571 0.744946830974289 2.83173522837707
3.51492901625081 0.72985206712333 2.50790051974543
3.59605490251959 -0.232304887675779 3.04477303938082
3.78525455342615 -0.572214701789673 2.79029474872058
3.60248258406738 -0.349846669599028 2.69774190605613
4.40289564206102 -0.497122866416591 1.81299132788791
4.30571791122725 -0.23016346836668 0.602795151644955
3.91298908695359 -1.63524338901244 0.148245342877167
4.28479945395029 -1.23718785281422 -0.351386985106329
4.09879085477425 -0.891456842838719 -0.294737099613584
3.25278635813972 -0.756060916010112 0.777279918477067
4.30152191875446 -0.758806092366594 0.905611811516891
3.98019295755955 -0.800938183949887 1.21894034160638
4.0725507562182 -1.01156667157107 0.37752011226369
3.97141400069981 -1.15602408936514 0.206991951731032
3.73612700159124 -1.36548879369962 0.75588165779022
3.61798982203382 -0.811138725337922 0.706825857464916
3.61225375825549 -0.329826857879751 0.649358773385056
3.22216488136874 0.00571943270728673 0.17994154503496
3.153749525735 -0.151433992975465 0.0351352002823457
3.09465349497233 -0.811268434755312 0.514831499583993
2.82503904270436 -0.343069530248001 0.860354601005062
3.22486522927482 -0.656885553676341 1.3026275916907
3.58534822302463 -0.512211587873262 1.19040278124503
4.33289820993017 -0.601335873011308 1.16668019973858
4.12165591243693 -1.18289236670593 1.39744591130166
4.51338998820205 -0.754730930409808 1.20121000532851
3.43722873841727 -1.01376826401819 2.31707854721638
3.8284353675043 -1.37802026588577 2.1051158436349
3.61077303827092 -1.1682907874177 2.54627125780234
2.37723328976473 -0.677693998872269 2.64932455557233
2.1506548315648 0.406088379837642 2.72904621776857
1.99695819742986 -0.130562999632212 3.53499431242621
2.14550830582849 -0.325017285526722 3.66113266007345
2.82062421397312 -0.026318181753812 3.62513912496059
2.71198663843426 0.70165367904669 2.45982086846815
3.10308087807291 0.970546788328053 1.63713754142503
3.56711503333736 1.4057641185747 2.5322984187875
3.07917362547967 1.60080825297685 1.65964518172131
3.37570960431767 0.799461413704404 1.78849723612826
3.09305372051101 0.961076253567369 1.33193731389443
4.28171629630687 1.03491677297086 1.51946339069147
4.17792755800908 1.04374142762145 1.19039823408315
4.02726263149168 0.879590712797444 1.6616949564649
3.49438232812279 0.492946321085397 1.72379663507503
3.20043005035413 -0.142923855618317 1.11607065982726
3.19592711153144 0.769365799884044 1.40082181394783
3.48120225564057 0.657813480165492 1.46260788605189
3.34837514391336 -0.26687046098041 1.33540833983665
2.70920018810803 0.579886756399782 0.961108103167316
2.90895427572129 0.893218730626677 1.25264852626129
2.07708638224551 0.640236029559012 1.29875536088624
1.76659927299816 0.0231049109928582 1.39605367474747
2.093625694555 0.153212094078681 1.62719517066296
1.48662537892658 -0.560925027777216 1.27251583418176
1.75719933252818 -1.03086932449455 0.854086933103407
2.23740058436794 -0.922984474778438 0.383292118618554
2.25657890355671 -0.297295924859738 0.242773503724365
2.17758802096912 -0.710633473320064 0.500779118157423
2.74669356448474 -1.53806663984999 0.423486574272684
3.12926454272487 -1.46287911717718 0.264735668426706
2.73463008942579 -1.01396889759974 0.903875747009865
2.96353600896977 -0.370958993326976 0.739982971444195
2.56184292215657 -0.244728323043124 0.0564732274567525
2.72999869982144 -0.144290428826192 0.115914381089382
2.59460677160167 0.108928755091241 -0.270582230830227
1.89007484580668 -0.0925701899982386 -0.997264040818527
2.40020999375328 0.0418446449547369 -1.98983511871917
2.00079235958276 -0.23097980927873 -1.93894949562487
2.45169450142141 -0.863810600211096 -1.49011927177774
2.55821298271681 -0.117238479860951 -1.46777044891848
2.87503014111367 -0.0235759376666606 -1.59950386693039
2.86428512868425 0.507270834505604 -0.773171786862742
3.21440527642182 -0.0171288133162684 -1.3446748032518
2.87563078718724 -0.446770411314248 -0.758925554843195
2.6546028463986 -0.191725818307717 -0.945128990282764
2.6427447963403 0.873931542420101 -0.537684949412085
3.45504050624069 0.354169720669368 0.0761203640685725
3.71002477083694 0.486576450283281 0.0283523480435215
4.43712046574689 -0.0147746125325466 0.445496973930833
4.11455617303713 -0.49237560678619 0.246444604034369
4.2152849345049 -0.245934210455915 0.483387861806783
3.52112222205284 -0.629069827821177 1.21310137663726
3.17623306741348 -0.540041706932701 1.71744713102809
3.33116695138184 -0.828880287296677 1.40435250498502
3.59291398380099 -0.70794309143355 1.44225987822537
3.20009969818071 -0.25356740900054 1.3594477096185
3.9185956156207 -0.41522447837649 0.760220551221071
3.71755720783705 -0.487595692849635 1.29353478303281
3.81736572191497 -0.672168168401073 0.781326302672207
3.96735986309692 -0.185415929999749 1.35233058904255
4.04652864524991 0.423210945408371 0.739316548331242
3.97673113853804 0.264333641047542 0.964561975033365
4.39686852107137 0.209474585317929 0.697798882622586
4.11164249116786 0.261691725987693 1.17945016591053
3.86099316373857 0.2492885744111 1.97257901516053
4.15084088398845 0.837025185443154 1.84211137320673
3.87931518801681 0.476816128982344 1.39076326379451
4.54162986670165 -0.191171862612745 0.897926332386455
4.24943378138436 -0.251038154566398 0.351878771958693
4.37580758684138 -0.524331715342138 0.206979909873271
4.45467435520475 0.383751448084329 0.624038932728962
3.36600331823007 1.08777893481231 1.30721075819427
3.60345204591891 1.74840065824626 1.94387107434125
3.26121381527049 1.24501146675861 2.05665692349071
3.81033986849249 0.69291923442916 1.29104354771442
3.39278818323279 1.22942621662262 1.72774856905008
2.88713123132188 0.397153226799628 1.28996637406512
2.76082969319028 -1.24317877274175 1.75610263578895
2.89890198632586 -1.46093683358377 2.46165902334496
4.08328354190501 -0.701966254194218 2.27996823767877
4.23064202502169 -1.00654586505889 2.19265358499223
2.42778493572958 -0.901742092685811 1.61936068337648
2.96397348463552 -0.994474578490608 1.18237785147406
2.86381594159617 -1.24865834548871 1.75513456872885
2.55563447392832 -1.11732657782275 1.80215129018389
2.99575815556917 -0.611692065829283 2.17266135773945
3.18273504130819 -0.652615982182946 3.06807174369434
3.061584740654 0.305066980670737 2.3928005310949
2.89609178974872 0.425374261453235 2.97863304586845
2.52673321721779 0.34078458388727 2.99737846961005
3.45785765610824 0.0498054389628379 2.48886977716754
4.28110457498383 0.562007980538337 2.4879311683862
3.44811414470398 0.282244887022655 1.70562180838278
4.27081330272862 0.453617020894714 1.0443763112558
3.70183198692367 0.188099813172866 -0.88160554409608
3.63558552260365 -0.0250764236802663 -1.14300609008834
3.70142589469757 0.236074447121041 -0.0137389594533653
2.71666700247147 0.748321108365566 0.877327521974781
2.36447257070172 0.993413804998996 -0.293955904976418
2.21869514603508 -0.00237731419740922 -0.551612725784414
2.68807297361096 0.00629081360874996 0.197100998186839
2.90214164847279 0.303018958082197 -0.34145808458635
2.13484611938132 0.166134387913328 0.13681143107582
1.93803352077405 -0.280552399125737 1.30632225053518
2.08920476468891 0.173013456585414 0.935849760474361
2.53295121807102 -0.239381213153706 1.12309714306424
2.91657804886736 0.10704688440788 -0.0686768306227496
3.27153516109218 -0.0742819680464012 -0.0978656146863415
2.82719210657696 -0.0983284289722365 1.05280224822756
3.94017067513142 -0.251021700221715 1.15394478130383
4.49060682440751 0.840194327578113 1.44977636563516
3.19594426389439 0.459924926917466 1.03630700975312
2.7012525342247 0.316160104029508 0.809858543496641
2.90920973379086 0.726274713642737 0.861829991051504
3.23006113595579 0.917370462874683 0.61067517463503
3.80456262100171 0.759971074520796 0.852837921067317
4.50660398596394 0.157227213779147 0.90189118732051
4.10349271958481 0.154530328360877 2.32812132664606
3.29100249529783 0.808031268547259 2.94448253058307
2.986409297738 0.856804204278271 2.29235036310922
3.50811445186967 1.86834074967957 1.53454402716289
2.47514914924206 2.31541880192905 1.41187251333554
2.10561638314886 2.92769039183261 1.65859420606244
2.30640694864163 1.96338929931668 1.16499871732515
3.09032914416884 1.6962505221569 1.30805455440407
3.61075724602359 1.53712642804562 0.977154033411657
3.20617148166062 1.42727566839836 0.284865804495703
3.04035855152043 2.45210213224583 0.624456501668754
3.28568463651376 2.15008666661615 1.25554137494112
3.00336238095335 1.31326430860716 1.20229222590233
3.29351805355878 1.25401406331137 2.13789195836534
3.67304352791837 1.07550012533951 2.1958556795303
3.41307243426206 0.690378395014491 2.11422563596475
3.29256500223026 0.107084229251858 1.43405344258929
3.34725875501824 0.0768620782027583 1.08468006488381
4.56643099702947 -0.0234729249094814 1.65230536881202
3.0573461565483 0.574985633438094 2.94440629164654
2.94388683400934 0.446473314984815 2.66174421870368
3.3756053751593 -0.890307539786748 2.37708565172112
3.39407073955264 -1.31874107881362 1.58522995384287
3.40149692441179 -1.18501061868076 1.46316074096359
3.05058488813406 -1.86206945740361 2.54719153408703
2.88092950629657 -1.32317984429054 1.91575580556691
2.3498904976793 -1.93131320682429 1.87512662106883
1.92007159002084 -2.21927306338804 1.64105716355698
1.20834751467341 -2.87244340646376 0.833904606263703
1.01083671841036 -2.6944623084903 0.799997053734258
0.437828654300743 -1.74901462803334 0.23175065361613
-0.268088237289505 -1.01924366094487 1.58783140914822
-0.22697122816954 -0.536702853947179 1.43353817012108
-0.830770964900335 -1.04921663174306 0.624447982369837
-0.199800194132478 -0.285150759877403 1.13802984052792
-0.419164782502242 -0.780369726082704 0.383220511001487
-0.169829658080945 -1.39223931656418 -0.0252386989558955
0.297263390499041 -1.50086357362865 0.00604712541225732
-0.294119815100733 -1.21950894306855 0.429590033327398
-0.457808773080192 -1.69060528909488 1.14594530360538
0.00473384394810934 -1.82748888560468 0.93465841626422
0.680214170014543 -1.58598481019971 1.39653185375609
0.0528961723226163 -1.62654349610146 1.00328553853484
-0.365240910426726 -1.63595101140297 0.230124662898474
0.490073796510115 -1.80680770907941 0.321168608199364
0.533298083994552 -1.05151532846579 0.603746062670362
0.280163441137034 -2.06441867986879 0.195856376687802
0.486733431501367 -2.47175168807871 0.591806887395512
1.28361257234935 -2.04539599256665 0.942919233165498
2.2001485859411 -1.56670393757773 0.538493631438789
1.58136764527132 -2.18955176296775 -0.331673704581502
2.44791815853272 -1.93097820428825 -0.386501642209955
3.08390594353908 -1.38906229716103 -0.124487162622605
2.93385605913614 -0.736942486568644 0.470277930937032
2.6573339997685 -1.0691658646056 0.509692106196796
2.1698471225108 -1.06487238979834 0.176601085773283
1.52020328666842 -0.441018653486301 0.530555466355475
0.710538499676876 -0.777385440408616 -0.38356309209986
0.402127134899957 -0.515877869746176 0.822108370070037
1.06279230109993 -0.355901121251769 1.16757975455521
-0.0182569984196225 -0.283353501924715 0.384298853675049
0.422270003867381 0.860195758790271 0.412471741271426
0.483190597114313 1.37416656950469 1.2616436648207
0.912425019543359 1.44358481059789 1.2151578670464
1.82127520797212 1.42976565499648 1.76963703868751
0.737258084433979 0.791991532469297 2.12773463259726
1.66897841403979 0.00891493764766281 1.37521944833406
-0.348381503537737 0.518899447924825 1.23088081698686
-0.165907497013995 0.295877230148397 2.25914324110006
0.167091095590068 -0.146659874723308 0.659301947631429
1.13279224648856 0.638311229151191 0.459062485588837
0.354760279423689 -0.550730115490943 0.954732473618652
0.148893562636777 -0.379230092656157 0.304343109042327
0.731231707818533 -0.0269537424022234 1.07311107314989
0.304145788351379 -0.307247415711243 1.28007301687216
1.3420275996264 0.564093887638369 1.8202820521643
2.02102245067369 0.996022712238901 0.67289525244926
1.67004614493795 0.724645572885126 1.32524180147389
1.71026636050219 1.06918828460248 0.697933414108413
0.619556447346573 -0.0750025725072025 0.478509826976366
0.517113798282333 1.06226132979552 0.218646132560422
0.542882645838202 1.16494234436819 0.919894644235861
0.34440962218894 1.6213486117032 0.293456653674546
-0.0433351310589392 1.32019460179384 1.42235321911994
-0.762903095438152 1.96184842486545 2.43953528430284
-0.635062775307515 1.61037780010549 2.80951063806518
-0.897703272703294 1.43520830699752 2.99629847415342
-0.763848078396028 2.4394530586097 2.71521502671264
-0.466868633841068 2.17444649862118 2.47148399909369
0.205737527713644 2.34330646505885 3.29143295163712
-0.736589032745028 1.78183886904417 3.05655856237161
-0.176014486550592 1.81143649858601 3.09708231537139
-0.701468421583146 2.81483547976705 2.73942625335111
-1.07054007439834 3.0916405575555 1.81633490027532
-0.275543985418105 3.20369304024826 2.04666234383097
0.206652925843837 3.85438767177649 2.07747321506999
0.407868261871337 4.17055449056471 1.87613883824778
0.12761194537906 3.11872811855086 0.748098802452579
-0.29857620192321 2.68145126236281 1.57946202237601
-0.493135714422316 2.90811342726809 1.72732663858027
0.377806753692125 2.06958727219122 2.04852527169728
0.992356680945817 2.60060022907886 1.95765107738191
0.995102819185997 2.34188171974355 1.79398103434339
2.02868578054393 1.39333096187625 1.26320118336761
1.22312071263544 1.94854352740872 1.20817552368231
1.5459131051782 1.51163936564933 1.5105128729145
1.29611412208495 1.23804287477056 1.80807420612294
2.4778485716628 0.559255996338542 2.02770376885074
2.05644177770301 0.853566623375783 1.4696533327109
1.90050392917089 1.9534815713637 1.36424429516373
1.68521541522463 2.20947124329076 1.14883299599366
1.65298163837157 1.62982604375854 0.706933759140831
2.2041348667104 0.264776414938626 0.109966177625359
2.51655061205589 0.261308147718888 -0.593561163014706
1.92553830601944 1.49672955468234 -0.558308625395971
1.59415309112957 1.6442101551417 -0.851768399828698
1.47239951527494 1.70339143666192 -0.286894477919912
1.75030007567949 0.694506440756778 -0.108253336002312
1.78225320954829 0.162434832807909 0.866229793850731
2.16802395552823 0.215475298441192 0.389108041682594
1.82919048799549 0.383026917260291 1.28545368323404
1.47917664554892 -0.517456880438694 1.54526489035299
1.83879627852604 -0.610316686029386 1.96356744958133
0.80504942676481 -0.177497068445229 0.952849558446668
1.11394573919379 0.0592671125622598 0.948919116938518
0.757337143987127 0.388159571471795 0.983594942803383
-0.758574384295629 -0.46847375454556 1.98747259700073
0.128478125180288 -0.449631198865429 2.06655300504985
0.433122380324119 0.24463008079129 1.11755819646374
-1.10722952996636 -0.140438092046803 1.3871116762056
-1.69502274294482 -0.367838740710911 0.957636804851692
-1.38188165087957 -1.20999756592056 1.125273150732
-0.669209370164095 -0.588036846147187 0.974493172489631
-0.175172467268425 0.296973149968628 2.4026474313379
-1.4142699506677 0.687244554410965 2.35437186302271
-1.38116517894457 0.358754599262499 1.08291482901751
0.327146138018999 1.19211263750239 1.3667366679186
1.62479592426235 0.68190272192983 1.48914729484667
1.46024860697111 1.65266023063166 1.31883679135245
1.2120183900614 2.15970828867143 1.07215180277647
2.25920621615518 1.13863114074544 1.31843160290309
2.37881944334447 0.0885428970514439 1.09158389749236
1.74553768397142 0.44884427446095 1.32510083199899
1.30921256487649 -0.0893299790693815 1.66875187691894
0.437792602579318 -0.296630823494246 1.90822159508237
-0.118786897929984 0.317320051207236 1.62951847322556
-0.293110755402564 1.26644244219305 0.711179155754771
-0.401319756227872 0.886511134127007 -0.251411722207649
-1.15976568014056 1.20639121153088 -0.746493983374671
-2.11136434454331 1.88547488564631 -1.27235000332338
-1.17549909896874 1.71590145202653 -1.20699971027642
-1.71599700435154 1.16735107611986 -0.362255459245181
-1.2475529066414 1.29406848410205 -0.885762086506795
-1.05166785694578 1.40059034902404 -0.671129016172774
-1.44801071541985 1.98271477013636 -0.322078709981003
-1.59052361766002 0.206199182472672 -0.215137952541334
-1.53748376001541 0.765909724026674 0.531951423594056
-0.341597984987235 -0.0129390312047043 0.835619051512499
-0.439075456488584 0.0668664628445019 0.909968915837792
-1.20914801698755 -0.680013413459773 1.98003789320157
-0.82365653336341 0.463702082328004 1.80768981197318
-0.42828028743759 -0.745100442918892 2.71393205087344
-0.172122648659417 0.00495249421218632 3.46890785380329
0.0131862976316342 0.127010427917778 3.1074197059645
0.16808944847952 0.417523355599891 2.47780936469842
0.526315391963807 -0.233767797716627 2.15201168960828
0.667347919455192 0.52499989533686 2.73498511254339
1.16068246709791 0.528747317514113 3.42823450548141
1.01193114372165 0.0541882725205683 3.54467496590271
1.80302228360609 0.887606073324603 3.30064291086545
2.09230464031183 0.134632586783378 2.52064791152873
3.00551876077622 -0.354608558215526 3.39023435180987
2.20630942391358 -0.400296329142586 2.02029309987217
2.31556221562773 0.917159043221176 1.61245638654384
2.09826527583186 1.09566933301722 2.77259131768729
2.66677493322432 0.691053620208376 1.70174133148324
3.07159084585227 0.18515769040478 1.91371860914835
4.0300666920456 -0.80803851946061 2.44347949587847
4.18432036147135 -0.266989016625749 2.0921985929375
2.69607010073351 0.515686445286699 1.72844614903267
2.48738951221385 0.883878895520545 1.80371297789731
3.6830023636023 1.47436742378923 2.33471405272963
2.5092101275794 0.817026758717368 2.50210707021975
2.26565359039141 0.394883595262845 1.53814759534476
2.97879771723279 0.584312890340172 0.541464455886065
2.50913732533356 0.282387380878099 1.09700171016628
3.57857596443554 0.54228170831596 1.95196558867962
2.32597233586464 0.990548794520815 3.03632668036428
1.40772767645845 0.891586500368375 2.36188978048402
1.47608057082735 2.29461796584544 3.29515715171348
0.820224175618256 2.25964949449556 2.94950508083893
-0.935178219402387 2.24455334388666 1.74124802654261
-0.593799664403956 3.30630686493388 2.82254535861643
0.125175938427154 3.08031658717787 1.93130987880984
0.86266866959982 4.53792001336091 1.30612427522319
1.29766321679817 4.0836374329658 2.40216131468587
1.65912862303162 3.73019356163562 1.807495734103
3.02331278072871 2.25851467364908 1.02156363312951
2.1111037714558 1.99391292580209 0.955973418802898
2.65491381991683 2.68101732916069 1.33477541090077
1.8854348254996 2.27251869652455 1.27439373095495
1.37226770220353 2.62851011874347 1.35820640968119
0.622267675781841 3.67520303364459 0.382861625977087
1.41950399564266 3.61523427128942 0.434633225978827
1.96544254245058 3.78944214889375 -0.12041316738928
1.48365502468512 3.55082471250102 0.553854615009955
1.48686469916133 2.99703856850252 0.449834500682147
1.78377457599004 3.97207438928601 0.507557934856831
1.0391916122017 2.53414052918984 0.809943723732822
0.968150889579852 2.55036861501938 0.524615216200317
0.977113352103498 3.08002278571888 0.148683791537033
1.41814745163392 3.48894852235794 0.718591106995415
1.94024966663847 4.16605029930423 1.17371621473337
2.45532872751188 3.54401122052916 0.843969793163082
2.26631514303279 2.89648918231376 -0.324162959015024
0.684425463699002 3.0696987194131 -0.687902570680311
0.0849758292973388 3.23807866392978 -0.447243262344458
0.227707457511302 3.23115956392585 -0.946715994106709
0.183399751657178 2.93470975007278 -1.13015697603104
0.576921777802247 3.02547400717617 -0.706143548700233
1.3612046007037 3.71257242556723 -1.09980377736025
2.3080823003442 2.72924644981335 -0.973771196570243
2.16421777902111 2.53565002479919 -0.976700690342427
1.42172798093143 2.47836021114535 -0.897500589553226
1.39809356173623 2.91812317081652 -1.56267471748551
2.68555234823071 2.76858017040223 -1.51115337157399
2.02705839995395 3.39954906206456 -1.32600884443759
1.51943887751492 3.28501235813257 -0.606555038768454
0.880199874024174 3.17593853742985 0.0911129681817403
1.40263192537523 3.24245711539718 -0.426906018707818
2.30763710745215 2.96204739245237 -0.582026942514827
1.94373034772995 1.95081157314451 -0.335821551892364
2.22660456374398 1.84234450962462 -0.502476834146744
1.75285792774371 1.80872118714074 -0.614361249252914
1.08707374271867 2.33684760476886 -0.848829887976036
0.936448196043504 2.86161924908143 -0.596804584647485
1.0870447178137 3.42721592546179 0.00471645000854934
1.5767780211916 4.24425330826314 0.854934020389542
1.68615005687119 2.59383308311666 1.35890206147596
2.30486496333842 3.43468373009989 2.09081933185841
1.55124778981603 2.51347749044008 1.9594264652073
1.70040121934336 2.32087852431234 2.90045537485961
2.00086088630911 2.95607804221567 2.41630077000596
1.60661394591919 3.75011681372224 2.15849266695633
2.19826341976397 3.78698448129369 1.34668329237674
1.27677947791773 4.34722952216015 0.87133002352313
1.11986861273982 2.35252850243143 0.774726867915609
0.819457915213232 2.02376986621284 0.935187162890766
1.24773723113733 2.52510022206983 1.68314597369445
1.89643906367796 2.31930860776779 2.70692643789772
2.36742389119854 1.66225058567903 2.98290668040306
3.11832317784366 0.806786872242603 1.85914836592012
3.88281932587092 0.558986708967191 1.90694969837379
3.30313184287432 0.301820858027427 1.53794226911592
2.89730625574017 1.46285633334748 1.64385411245678
2.58772026463013 1.85725771399382 0.68280501751832
2.69742816984089 2.74936811990928 0.335207913448713
3.26730759851775 2.66581960492298 0.133129666250319
3.40513783278511 2.52665723537698 0.422749323285434
3.52243530169821 2.51883470797282 -0.466016201679216
2.9503758329087 2.20009488903438 -0.953111595121364
2.71509488078906 1.91255893527651 -1.55284946083471
2.55940604329477 1.19679657483986 -2.61930544125764
3.37437927837089 1.19831081310675 -2.49914131329597
1.72187094956796 1.79275012441771 -2.23620525977764
0.448946249172063 0.920730832575801 -3.16975500844067
0.77799498762702 0.353336085601034 -3.12221014910174
0.409562403597923 -0.155239898471047 -3.56052418533557
-0.179938939773769 0.543997554934382 -3.58712218474377
-0.234133465071622 0.887373972161707 -3.95376605589903
-0.216793266484433 0.34544527824097 -4.44780707500085
0.135318745138856 -0.189308400128028 -3.92689922664171
-0.57997898153429 0.123041734249779 -3.63153860930475
-1.02412218969674 0.234696251801064 -3.42525375100568
-0.760942594415003 -0.617530723397893 -2.55710047303437
-1.14481867926453 -0.403291587683276 -3.01165071733858
0.414778647804484 0.0905613204993884 -2.29930519561082
0.0385254404632541 0.97146515278381 -2.68847999933381
-0.948668493627302 0.72383290983511 -2.77706786936397
-0.974453969347492 1.11118526438809 -2.60681818330901
-0.451265560518904 1.01622674249989 -3.17214860542616
-0.256101895949875 0.615306208293277 -3.72182530129676
-0.621096585156246 -0.574541636619703 -2.94287637445079
-0.667104888355406 -1.07578626279163 -3.50771742322767
-0.019219228147069 -0.512445496827089 -4.10461448720722
1.09973581850897 -0.178848649787456 -3.54094757119579
1.75831548439912 -0.907161309387534 -2.39273798993443
2.56239152865858 -1.61715242239116 -2.48892489750211
2.1172258404085 -2.11524771815076 -1.87626800116903
2.8377581784959 -3.0135947277583 -2.45556825375594
3.07434231303489 -3.1586470018129 -0.378005731451689
3.48828221026461 -2.19823930307055 1.01229420226231
3.69655349756689 -1.4560819624237 1.01826263213223
2.72400438943516 -0.60854264171045 1.19842588880451
2.0074703347458 -0.053695463320034 0.54692613277827
2.30684606008061 0.127499795732558 -0.0777675056131256
3.10958431769385 -0.434793459934078 0.350626290587874
3.54455411861876 -1.18924344445355 0.387858910715012
2.42972556883081 -0.913819401588071 0.84001412946436
2.55619295256959 -1.59594463293837 1.4146473483604
3.4844390943281 -1.49357045473942 2.51841646087958
2.93971228120499 0.205051093911917 2.20229229315594
2.75360768541903 1.23191884604067 1.55818054261189
3.5401058803944 1.75484745075829 1.8697446250776
3.05340292245691 1.40572403038248 0.314602320630875
4.00289490718178 2.02192520866171 -0.19074668403089
3.15312750898985 0.626883387566105 -0.827557680379389
4.00209735278607 0.598432740453608 -0.631872230146717
3.15137419497955 0.980207809021051 -1.0155142598215
3.5870793912262 1.30632016243197 -0.323606850714895
3.30949464979224 2.02390210250194 -0.0725388107098201
2.35537270157717 2.56578038988125 0.613952730649818
1.55165461502541 2.82269538073977 1.47078786211242
1.9028001239686 3.88627558929381 1.85524624225423
1.00275991639673 3.80996798602835 1.49248125888932
0.31570002904553 2.99648423625816 0.768410654950138
0.732036764148297 2.56899433505473 2.71727547718851
0.689460183763619 2.34384319439163 3.38443438771289
0.690167599896787 2.02634136044802 3.88033723012856
-0.118720511572421 1.29512340339103 3.56562450318299
0.66377855852344 1.22011749366601 3.05683810361538
1.97101489357943 0.88751635450122 2.52438234934127
2.23838183328718 1.15084129621373 2.82111507026592
2.94776999606482 0.0216603940026748 3.32623727782187
1.85095577261083 -0.243062131557867 2.706871980831
1.90754935531387 -1.62205084352281 3.05507121016099
1.38888553948451 -1.32481435451552 2.84676376754404
0.961808103939924 -2.79340151741822 2.2706750374908
-0.206622740085001 -2.17350380103743 0.846677415067206
-0.915796572631784 -2.80612851888821 1.33784689211603
-0.054339547049756 -3.58546943786211 1.35015676163528
-0.292575387156883 -3.95874006157961 0.813130786236386
-0.889707127767868 -3.51510816637713 1.47939618176849
-0.860192717033719 -2.46618655511085 1.04429551281724
0.0895946398306033 -2.01895629621985 0.745466778694468
0.665630223489525 -2.54167141337313 0.859367000873548
0.244551301798865 -3.77567939559796 0.725518568857793
-0.427173191475088 -4.24385582045187 0.31863394444605
-0.668068057063808 -3.36530978863442 -0.0877506416526831
0.557909579406712 -2.68095802839674 0.0636135572026058
0.259391107958744 -2.43367002420125 1.47098704237453
0.888219527173868 -2.9642947741958 1.78269071288066
1.66959233120013 -3.46133222679969 2.13043117177096
0.700697302118681 -3.87010298830899 2.35478210096335
0.100026593581085 -2.82289787420937 2.50938947158672
-0.0999803756453046 -2.38678102849102 2.89963624617088
0.010225067272898 -1.49338319625058 3.64990004475768
-0.530687263814917 -1.66094985102164 3.54629322460887
-0.590601622734174 -1.06741404997974 3.75361877179064
-0.806782883436357 -1.88846542937373 2.88750636291834
-0.144937922593379 -1.43153969628946 2.15240141680449
0.0354541818409469 -2.72602331693235 2.480321949115
1.23086695923869 -2.1751446821143 3.5738491436224
1.30143122888908 -2.77936048094674 2.15436170369927
1.91258521485783 -3.61906820882183 2.12756167818375
2.30268184161747 -2.68049573481292 0.0822609580571655
1.82631906979013 -2.32916071542863 0.134032516032297
1.88878723159374 -2.53838653894249 -0.758375350956613
2.57354289328283 -2.64476219990429 -0.561827091875215
2.82147720802798 -3.14662803645767 -0.257077214731481
2.26524450585413 -3.31571241535665 -0.645658965118755
0.964354744525546 -2.91196909985384 -0.129795863109439
1.23997401229846 -2.39090722424033 0.207031836592586
1.57130794754929 -2.45013960320599 0.196240194734963
2.25257463555446 -2.1503923509951 -0.713273926921385
2.04257988726016 -2.53475874744274 0.478537335242134
3.19682049960236 -2.56730259743942 -0.581866996055812
2.35063496858502 -1.20171434970911 -0.347761957284679
1.17972911221695 -1.91052077740956 -0.931506070028259
1.5178470155946 -2.77371697015173 -2.14172390398402
0.954302040514689 -1.71116601123399 -1.74592063494963
1.32688080734159 -2.64434337763687 -1.47730527019152
0.655179439700706 -2.72518505908669 -1.14371712830154
1.61792648430237 -3.46734176406308 -1.23327504200045
1.59801132024669 -3.29778419355583 -1.81010773703049
0.869000233089098 -2.42171746129256 -1.82199242114332
1.65509997127297 -3.39936768268418 -1.49264914885773
0.9143629049223 -1.7790647847464 -2.5042253000842
0.348963917590513 -2.85560281579603 -2.4767218527789
1.40038624522899 -2.21410763170585 -2.6165833557425
1.13679740030483 -1.8455841875621 -2.48220765220489
1.11287830066258 -1.77827746535103 -2.80124665195105
1.52871600516202 -0.643272051530255 -3.01925396820591
1.09084941494677 -0.491864528490272 -2.24239873648136
0.286124866469607 -0.708296528738221 -1.55252874142512
-0.27477769166356 -1.315499397726 -1.88253292752933
0.0401696217586203 -0.905386851746947 -1.8736963256621
-1.18355151857893 -1.58299347797871 -2.1747417259559
-1.55586940293365 -0.0659544103788015 -2.21294935407129
-1.91493187501543 -0.446124715057998 -2.67709405013458
-2.78183692732922 -1.4441332756452 -1.83173245518381
-2.73710728596814 -2.54832483220322 -2.21462033172899
-2.65105918109638 -2.81551240825729 -2.11292183390702
-2.31078875878279 -2.45682894076901 -1.58932943149022
-2.33037528341509 -1.01167768152574 -0.7818809141297
-2.03472722628111 0.0720202272647049 -1.36640420681865
-1.87441438425526 0.38809916578842 -1.93377889967709
-1.82432294384904 1.35906207021254 -2.0561874091586
-2.02234087802096 2.28555399048165 -1.67709141830831
-0.68808920576963 1.70266238031953 -2.09647274243259
-0.687703305972837 0.583477456267277 -0.895532508737808
-0.236102042469406 0.379233040881053 -0.85112460740256
0.214364391704024 0.0232041872838542 -0.188005036885089
-0.0107057579470083 0.227043954581912 0.675633664211615
0.187897278478609 1.60637558265055 0.931564364503938
-0.793550352302216 1.46572091345241 0.766173651397342
-2.89933599235766 2.61379742588139 0.326338831920498
-3.35869125633733 2.24093692897606 0.546485288285777
-3.20488105264323 2.61404251111102 0.417899028375563
-2.81742296796335 2.72661273041702 0.843910348503324
-1.86258023392076 2.77595914832425 -0.0554485909496602
-1.25306660811778 2.57572899324071 -0.271888865870935
-0.504578332270843 2.34491398476194 -0.560126273250386
-0.132460927996682 2.48834677898438 -1.32184454650994
0.16014715518559 2.87638124121954 -0.873105768102333
0.769023693697347 4.21340477048482 -0.614804261575858
-0.119072889786143 2.81953235676349 -0.0838077803588739
0.149956901180021 2.83775081457404 0.292218409540439
-0.219196953433773 3.88059906758329 0.075083266510926
-0.491600242777306 3.6157250809321 0.486415097107907
-1.43791365361396 3.20255321271769 0.629203867632011
-0.905860385224682 3.71656216414819 -0.331774299636754
-0.672484416360181 3.0784633101567 -0.136534500201441
-0.562032372205053 2.4719495326498 -1.08872647498463
0.021680542485974 3.22722308736479 -2.74574020589632
0.671831036472352 3.51997172258045 -2.70050716686176
0.780667599427267 3.18115293482173 -2.07813195131105
0.656727385041537 2.63238395367781 -0.929358099123209
0.0377585891632375 2.52941203042945 -1.22861353060038
0.95264250845271 2.50031859439001 -1.16564727110936
1.87041033814065 3.56081555539535 -0.653296649079123
1.10218613661314 2.76229984106042 -1.16838628791335
1.7429716177044 2.68423501342986 -1.22280527289574
0.707991475200186 2.5671102095649 -2.44993297542524
-0.313944812744074 2.1496411460151 -2.00926708048164
-0.121666823258009 1.85834237252113 -1.04467307410897
0.0700725563433384 2.38226952067207 -0.62182453369729
-0.323049933903254 2.6885964830806 -0.175224707296041
-1.14843886796731 3.9671276175269 0.0545322586689484
-0.527831524713168 3.38493457125303 -1.04681485789214
-0.463416246866462 3.3007602888557 -1.66761942759777
0.162325263722686 3.69802282086962 -0.917235992455883
0.567574169804911 3.83239966828413 -2.01380215460747
1.37935313548712 3.58937464692569 -2.15288696487835
1.69239064487626 3.18657841312151 -2.35004509211175
1.57044295036415 2.30644166601181 -1.85827868718351
2.19084977929525 2.89180281583191 -1.86537865585232
2.238471011094 2.7259438029154 -2.65750526107436
1.54363275669684 2.0771934371807 -2.23338811979019
1.27407275264916 2.2735665682648 -2.62719654364932
0.790238753470234 2.20716557198284 -2.7694742205681
1.04052317678707 2.16621971382898 -2.79420907339075
0.830985958429714 1.25192675045384 -3.46334918382432
-0.474265495108444 0.321285419083685 -3.72539195721423
0.500634137762772 -1.6653748563925 -4.16895409552598
0.107802466031402 -1.59195620878482 -2.58065294384303
0.52115389177103 -2.50350372744175 -1.40844366782023
0.531455696093728 -2.85662894219267 -0.966629671992659
0.812011979960526 -3.62827797055529 -0.721665471224371
1.52193251022781 -3.35035272444598 -0.59882388936589
0.615524462504158 -3.78259567012491 0.586773436186883
0.730261833369089 -4.3863988598205 1.32300442929838
-0.0980807896680915 -3.7262874392791 1.40358848699234
-0.730070135436382 -3.45311501767648 2.25418853167625
-0.968089202532293 -3.06787135173359 1.01519129945946
-1.26373635080327 -3.52970896001161 0.0308146553726836
-1.67456389599702 -2.95858175174607 0.47938180266743
-1.70395912691476 -2.5740404822178 0.734841432660279
-2.68167604408052 -2.46205363424705 0.66680467530671
-2.63831182948227 -2.55493433753853 -0.0219068635385107
-2.04101676387228 -1.88834499798307 0.457821480787607
-2.38245098948875 -2.46544346924422 -0.00454550614929647
-2.63104177358545 -1.94199932405405 0.00554979678585206
-2.26470795490353 -2.42240007269438 -0.23330869009545
-0.614549885561863 -3.02134013305175 -0.919122770516025
-0.706505159728467 -3.30782071285392 -1.16761211945012
-0.308721220036172 -3.66742032776606 -0.670119915366998
0.726380374063601 -3.18164418517587 -0.162400759989602
1.45375149203267 -3.35058639889761 -0.468547860324186
0.792211618067639 -2.95744251538919 -0.920930585107008
0.134546512949045 -2.51468510861446 -1.8142659457367
0.65153072168636 -2.12873023919598 -1.48583459262331
0.327694220497099 -1.85173443999997 -1.04514177084936
-0.884712040424593 -1.64641777341812 -2.23379005433923
-1.75654954605728 -0.0304185572259883 -1.39137459655267
-2.05229731164395 -0.380856674613841 -1.51127646366414
-1.70145573393362 -0.486254258533099 -1.56368705304647
-1.62123925107681 0.516519835485397 -1.75272427159788
-1.15767826059353 -0.633038476117752 -2.39514261491904
-0.887706065116349 -0.454733242202717 -1.67371433844664
-0.428111538396562 -0.338413355572071 -2.24598419863371
-0.190298248212242 -0.16704026405113 -2.51054198223515
0.329767365646302 -0.455677370135842 -2.1647586123182
0.18015673041825 -0.749962145190857 -0.136810371213107
-0.684066540970152 -0.11964980090473 -0.281269720496659
-1.31105855621475 -0.27203421005614 -0.406523166755526
-1.34458335303901 0.150706190993408 -0.148597707475312
-0.869661477914073 -0.564675481707192 -0.656075088960823
-1.25606870547218 -0.499440823027017 -0.269965349354008
-1.7120404793675 -0.404181713795829 -0.0121721442681685
-1.05201684081345 0.278955539825827 1.59102179719412
-1.47104206454206 -0.122762765581984 2.48382829668539
-0.0381807746237224 -0.143790490243769 1.9443581013838
0.242056681100341 -0.526249903523225 2.25892015657252
-0.102510857607276 -0.402734568981256 0.649390720876626
0.203523799924288 -0.237302585089881 -0.372750546294464
1.01749801700111 0.24146575213044 -0.25876551081413
2.34640476753876 1.73965483068926 0.106305701257692
1.79197081703945 1.51536231507336 1.03222361427018
1.29056344021978 1.08045910053652 0.133102242043463
0.533710447795697 1.81834429226809 0.325273801831147
1.36763442302359 1.77088731270151 0.226402182332081
2.81687273572577 0.441189602503452 -0.0946968081905883
3.66506250694765 -0.024508040737813 0.42741469371793
3.49813779372795 1.51956868750679 0.582355547781188
2.39076752469651 1.43230957843787 0.65237123799299
1.69973376615678 1.22516185298721 0.779364703094034
1.05558937296484 1.06014093958633 2.52525828964556
-0.145917173618174 0.690041286356077 2.28316811796009
-0.179467003621981 1.01415678871511 2.55666325087429
-0.435626024321212 0.675913734982239 2.06466391726782
-0.11869028120837 0.309248746067116 2.99466477387553
-0.22651486176397 1.11889334775048 1.54913820266542
-0.166472147455577 0.317293258659106 1.25733378028301
0.0415389673847936 1.02291536857914 1.1137363694352
0.101815364130481 1.18820514295933 0.380560447134217
-0.58435706964432 0.0468447712681016 -0.265492086556151
0.495804492302537 -0.448856509715543 -0.790899855310713
-0.0848832120444894 -0.534357390388446 0.100493219211587
0.847363661709554 -0.542346420839126 0.511841462962829
-0.455463643543532 -0.640284903276174 0.123155176459887
-1.02125098560209 -0.676487053501907 -0.29934625881265
-1.2276052607521 -1.07955544724268 0.999686697293399
-1.31102887772248 -0.531058555508745 0.847343029667601
-0.302848413937992 -0.0712379696976767 1.64211332273892
0.503302853485717 -0.949028170030881 1.73173913778065
0.643729501242974 -0.303016214484283 1.82953060316758
1.55019125937148 -0.0317537243314448 1.25335572829684
2.40727217389733 0.445049931477294 1.20720958317368
2.93447851483344 1.57194496011264 1.22909084963573
0.859693212980761 0.383295037036526 0.646925305145881
2.13354816045391 0.881527828488234 0.522230463432932
2.84506905431549 0.0782374970099814 0.655787708581183
2.92664374525894 -0.340975865099978 0.845220489906152
2.87589688466416 0.637754493193245 0.862837892134017
3.35756038204872 0.42007119705778 0.480831406695381
3.16169868267169 0.878282721965571 -0.706433317430236
2.72588504361441 0.647514879428687 -0.518159237915799
2.2036870982235 1.34324929580923 -0.286323289719148
2.96468975556366 0.871086249763528 -0.459347161639641
2.11547093591877 1.1400541058969 -0.532312610427085
3.12615195341071 1.02150264649645 -1.21753049851111
3.56795122275507 1.33121155072274 -2.25174874679751
2.68369461630714 1.23453544063235 -2.96462584484316
1.61367622685719 1.43295901573752 -3.49112563301568
1.23642971335938 1.51905242185065 -2.87087587662908
0.925760534263632 1.74107843539189 -3.52305055028219
-0.623776610757786 1.34602695906763 -2.88626506591978
-2.09460701808085 1.19648884322678 -2.69296529903272
-2.33260887036454 1.72048149639231 -1.08073685730965
-1.73887056221532 1.83329535884804 -2.15658052100561
-1.97049660009806 1.81476131641667 -2.27147422162667
-2.47048612320624 2.66212142350835 -2.54014219996563
-2.04815977362643 2.3842355947494 -1.85470021891702
-1.46951570969951 2.42852623921962 -0.65679938042492
-2.25446523180238 3.31259023545319 -0.113707654981593
-2.43413334739767 3.40841806896013 -1.31835537488199
-2.69626625573863 3.30608682951099 -0.702555321075674
-2.41782799875235 2.82907133838732 -0.582735175363334
-1.51937746841655 2.75604838943151 -0.510640877132311
-1.98706975673835 2.56866190767194 0.280187871182643
-0.817776959191708 3.90945765978771 -0.234504379554179
-0.654961089825646 3.8432831653061 -0.463502837945625
-0.86100498707173 4.0973661300038 -0.663811637025476
-0.946480683241701 3.11392875152147 -1.20865008843667
-1.28814890619647 3.74421548151472 -1.25321733015638
-0.301998503527653 3.6723060640195 -1.86653876082923
-0.124029955505506 3.55170670795515 -0.409673184776171
-0.0465275522647553 3.23963375062307 -0.813037690456463
-0.396169956322447 2.17224348676421 -1.01403269898104
-1.58228271310087 0.819032895966383 -1.36453458669883
-1.20983152901977 -0.469708864715745 -1.33941471483306
-1.71065479401314 -0.768328133203832 -2.25260098047159
-1.82747178436652 -1.8979547716493 -1.02958561624428
-1.51482024061462 -2.60001173987575 -0.959499207619763
-0.688316413948689 -2.10952839008859 -0.625779187101933
-0.768574105287473 -2.91651161216777 -0.981872882245241
-0.0325050402076353 -3.30899711949397 -0.515797380777237
0.308827931420068 -3.33851363716781 -0.0880299334319936
0.968494013868497 -3.73176240573294 -0.161765528020542
2.13721591846258 -2.82038784637412 -0.952037634063295
2.05079813026783 -2.99894813248174 -0.318711812716925
2.74013577177656 -2.99383016058329 0.501753539828231
3.40465937925054 -2.01505174416197 0.707503146747126
3.11636007087208 -1.67202697488937 -0.739086484829424
3.12797747424289 -0.084906751906902 -1.34807535474987
4.11200105992818 -0.40458487055478 -0.93877007231113
4.14829000495017 -0.907914701897035 -0.557665429742006
2.90822747488865 -0.828326339163075 -1.00066217544997
3.82297952292433 -0.000789397766447943 -0.243784219135181
3.58226669113234 -0.621300019097054 0.105468909371672
3.96201903889696 -0.33603650501435 -0.186040624682266
3.51502624616257 -0.737237980090799 -0.270348419659467
3.49568128339698 -0.0902816552191018 0.645477517330756
1.74572240342179 -0.0946646125110086 0.114600519928612
0.92717116057865 0.758862825326951 -0.297733434732918
1.20259066947471 0.564560890822094 -0.598930743906158
2.61826977145191 0.900292146685188 0.382354568295822
3.87474992053371 1.37829836731295 1.2949134871073
2.64285913825612 1.07334836079228 1.24247811551594
2.40782157891363 1.55328440515079 0.840813211367031
2.45442642905956 1.19805679651257 0.988709718603528
2.4654928003398 0.642474248203713 1.21353691410614
3.91932069169587 0.936331163929551 0.176539151170026
2.29937602564083 -0.995940346176175 -0.464725361314995
2.42020327111156 -1.38149206496118 -0.45319661851066
2.38639413794056 -1.76610334933582 -0.707619938473342
1.58949883915439 -2.801817553357 0.0803319250947977
1.35394924371333 -2.52298610711785 -1.83668503633443
0.990322708120703 -3.02348166754999 -0.759789811155808
0.869169533193444 -3.17348238709909 -0.511552292853469
0.637221068233336 -3.46582544439415 -0.262616725630935
-0.186584105964924 -3.01663962242554 -0.223346940485329
-0.0386645113784563 -2.65962648659588 -0.216955912362093
-0.0532688862671435 -3.42609769451301 1.75507859061711
-1.90971196247706 -2.29115979876159 2.49159301007249
-1.8906847521904 -0.940301775162561 2.65394711517939
-3.42405972489082 -1.54867397020116 2.86275582974019
-2.33738608052977 -1.79474017177671 2.64173467045319
-1.79819991408523 -1.99478448144902 1.31821525593492
-1.49492651418898 -1.0558684049462 0.57478300360598
-2.10207675238592 -1.93104825277443 -0.234352268132621
-3.04863820594892 -1.14852608083107 -1.26370723068352
-3.02375659132762 -0.268857528279846 -0.869503798529079
-1.55951056623332 0.745636091600324 -1.14314309370126
-1.13862130726067 0.503731889731279 0.558809449025352
-0.944997616279223 0.332983379466394 0.0576861148977757
-0.27374682712139 0.38934601772362 -1.41369592122215
-0.69259915459955 -0.167649801752304 -1.50728144956234
-1.54429106637321 0.871658744392 -0.62103725490887
-1.63679063588014 0.546209827917641 0.221183059830125
-1.79571460638485 -0.600700468901671 -0.283009172910799
-1.76515044739709 0.573024713087802 0.895241074851932
-2.55776875313741 0.555268589797633 1.63235617549976
-3.27186394127172 -0.114095115034775 2.48816682530509
-3.14889521660205 -0.163999927900306 2.71369135326098
-1.54274351516848 -1.1119145684536 2.07620038063721
-0.652173399087198 -1.90420281535555 2.07812556059892
0.527091422096819 -1.408940207576 2.45774966403463
0.692854661099967 -1.1673125679366 2.41069845655495
0.444436816955222 -1.16371226271302 3.00294946601992
0.806989687045176 -1.53872012641633 3.44602275266156
1.0719048514413 -2.07319050277234 2.07866618495167
0.214130517121992 -2.47232454920356 1.87301713579377
0.860344500701311 -3.02486224360691 1.1693664702974
1.01017029881496 -3.59441635843653 0.100638115682246
0.639898516126454 -4.12244013398117 0.120248504608595
0.398126824267366 -3.41431988553741 1.53106411864924
-0.161619228902688 -3.48657652771886 1.20604150785967
-0.45908071977029 -2.3939682612946 1.28910869221683
-0.503208922009012 -2.71625902247786 1.34436432068506
-0.727285730410878 -2.1572001423926 1.0287923642781
-0.528578786677997 -3.5100269430659 -0.137058092391408
-2.20169337317851 -3.79679669129528 -0.825814475036254
-3.26598520738858 -2.14485026465494 -2.55992355202857
-3.40862096111859 -1.994835210298 -1.58575231086166
-2.50141892279296 -1.98937211323861 -0.712209960229078
-2.07089597939779 -1.51468088281313 -0.556297811288895
-1.98837515384939 -1.27379157297684 0.206521462911807
-1.97012809016168 -0.874283863727447 0.617064051065657
-2.90187827932852 -1.09704958941007 1.52068712440165
-3.18699791192877 -1.38864941532534 1.56819422221377
-3.94017335761926 -1.95022674467804 1.42363765406356
-3.66178748245795 -1.5053791657409 1.48765372612562
-3.65071466960591 -1.42060566261931 0.205659193428196
-2.03096698438982 -1.47417500702743 -1.35757891181852
-2.96171762868908 -0.442561785804184 1.19716886023779
-2.53222778283792 -0.0190379092319898 0.463833338642873
-2.73843982664458 0.446468078356769 1.09892551849884
-2.17885639521851 1.82603942797547 0.759910511346602
-3.07066846070649 0.99588631398444 -0.0702475065414299
-2.15111766674584 1.33430710015886 -0.417279487830049
-2.72837699647353 1.26454100874961 -0.768300060591077
-2.38151147039118 0.718742870554156 -0.985434651696137
-0.998821334413707 0.0378929370968528 -0.179019867480233
-0.656130346896786 -0.0627466526455873 0.653948437370131
-0.781805588671195 -0.0442084296024206 0.516718651296019
-0.0253393223235059 2.24489957261408 1.0957772912232
0.908135437345283 1.90958249969708 1.30780167791075
1.9513726447 2.75116598943954 0.798137631388327
1.50609082814149 2.83414239630748 0.447633989887303
0.992799235521094 2.90711335848965 0.0418145705212391
0.475046326417321 3.38810934532363 -0.345463931050495
-0.290108718907558 3.85697274401922 -0.446235559684879
