# Fix print output for fix tr1
2.01804061535543 2.07344725813038 3.13749930113434
1.54593545076726 1.27156286703899 3.87446112791023
1.7420725261736 1.00889581846027 3.64627868741839
2.10642418989922 0.845199279480818 3.22505649067165
2.03163780120565 0.67153684002779 2.98166655546867
2.27224219255129 1.07983883753945 3.43643402362842
2.04563081477224 2.2978183569023 2.78667492348577
1.78713470603876 2.47388855174657 2.87568846628209
1.20912821135544 2.65365216198244 3.09743965891489
1.17477564415433 2.90434729655233 2.54945525047937
1.35287938308995 3.05515763415949 2.16114673868999
1.35694507806524 3.54298800389683 1.84832405004728
1.48147522345522 3.22221395276383 1.69114310091351
1.53538973242701 3.12723177410639 2.49064011449587
2.10302922260649 2.6740864476709 2.19165091381369
2.31693866889138 3.13638255665752 2.26868261913481
2.35800871127034 3.56123251024857 2.23294950837172
2.05713726998602 3.54926070307394 1.46742831452507
2.35923272466084 3.61792938353541 2.02563229021935
1.88134103286264 3.50059417383089 2.16689978036341
2.45069774867623 2.80390135612881 2.44913505808017
1.99582154250986 3.25098609388499 2.6466591271478
1.95540310221288 2.74529320568583 2.91315664372629
1.27285727244028 3.41057022880649 2.94869061328096
1.60684034909099 3.10404640822821 2.77531585259246
2.06566647836369 3.23132575157163 2.37571015043875
2.00176866109204 2.76504649621239 1.98437419442595
1.8143170515947 3.4365532010401 2.64879693343136
1.90399243156376 2.77732355003635 2.52943264279993
1.44728991324753 2.85619626136141 2.61824477088407
0.609321921546489 2.91113226591288 2.57933247460113
0.425872206809751 3.23644429894238 2.53626934058846
1.85800416669482 3.30527141123478 2.7869811964458
1.81801483870142 3.34793256177143 2.0959342606242
2.00603209143373 2.83800206210221 2.81587870652
1.30508384398978 3.5544692041292 2.55845076010719
1.11897940511215 3.25927661629675 2.43936007186236
0.958976158900107 2.99673709268999 3.1335802114987
0.124234737644436 2.3928122959017 3.34590776486383
0.328355931781498 1.92211398544167 3.36012872073577
-0.187243731355642 1.81143171626772 3.94210206002957
-0.372744043182984 0.909234946121424 4.52501092689613
0.0299863705827193 0.495617988691841 4.66943791596513
0.165399411739287 -0.256522957549589 5.79739598511771
0.0470807135143917 -0.145169969767706 6.7307125654994
0.231768573087447 0.197986214959192 7.08987360532262
-0.175363476573823 -0.19984502519579 8.35133633591166
-0.0876386911907098 0.00352059909445335 9.55366925986745
-0.136226717298248 0.137450263480502 10.9177921879109
-0.01943714376447 0.06637504401747 12.3354140507811
0.217715366786831 -0.0129298794048932 13.6698740214846
0.0630971744618365 -0.121788478921732 14.5310590963722
0.197158072528544 -0.0648338466651273 15.1034140545136
-0.0179422847122031 0.203998262500087 16.1306180341699
0.279868635145198 0.481236005775747 16.7890235286027
0.950196662140843 0.624586363780743 17.7753500741257
-0.156790032283495 -0.245788789739811 18.2698752521512
0.307250222953916 -0.640509724113917 19.0040138186505
-0.281395522023004 -0.721899719306756 20.0494131594926
0.455970807190456 -0.663315058062363 19.6390922101826
1.0676625995652 0.67567882542929 18.7861386805488
1.86622849793874 0.821516790549819 18.8798408662064
2.65535895077465 0.147250645025763 20.2791679979329
2.31338222609635 1.19239879228507 20.2832036853236
2.97150921243649 1.48501638678892 20.5278753634496
1.09111038825188 2.38090384035093 20.843544154205
1.18973982451081 1.91226208207212 20.8505835406345
-0.0635504215528005 2.59675561588202 20.661894288019
0.111576620318352 1.26959347993046 20.0648241666353
-0.136603882082555 2.17245429333618 20.9703687427199
-1.33922335540668 1.55722525796889 21.2879228607494
-1.1079658272049 1.29509166278612 20.7432643719344
-0.49570268495844 1.3033545502725 20.9884335290153
0.0861228720710665 1.08098881407135 21.0256775597842
0.148499339868938 -0.101189615821213 20.9169035996789
0.858150834248198 0.893128439106221 21.5491825248267
0.968723490632417 1.0974090971581 21.4085197898919
1.5055412281219 1.20874168950624 20.0676191615253
1.67802267855108 1.8496746536615 21.125533160608
1.40273456960463 1.19141412925841 21.5848898648913
1.74072951558176 0.895991593307011 22.9398221533876
1.44707051646291 1.67185677581973 22.2536357895656
1.19540198409486 1.05227864828941 22.2158833597114
-0.73639046645568 1.51860178655988 22.1365763655846
-0.598988319043756 0.995871107907801 22.0138567689942
-0.775902589226487 0.343554979169304 21.9188794376649
-0.656051293341783 -0.381934802921784 22.4609695333613
-0.54240220121084 -1.13228090510649 21.75832726869
-0.577539082934962 -0.0922517123405416 21.5840042488606
-0.636861391963579 -1.02332157406788 21.9276587993192
-1.05847698909476 -1.20678443998063 21.1067732822304
-1.43150292689583 -2.71988370812681 21.4725015543277
-1.71702121020792 -3.09083057480566 21.8133078066238
-2.07584823138265 -2.6867679572821 21.5040533687421
-2.45344532061502 -2.41991075989369 21.9420588344097
-3.2545639867228 -2.25246692629951 22.7732553868726
-3.20343856879208 -3.23821869096116 22.9387682314941
-2.93379706776983 -2.546248529476 23.042882790618
-3.46649075646334 -1.9449113078993 22.6815809970604
-3.05060526724336 -0.33517475679865 23.0733342553093
-2.43649149562467 -2.20270709419974 23.7808442385482
-2.03072542192119 -2.30879811349107 24.3015881560872
-2.56907090670974 -1.89842588875488 23.747390356893
-1.74580303350619 -2.44215912968672 24.0216401637367
-1.36017264066668 -3.0115383075154 25.2858311202155
-1.09756599790889 -4.36484184849062 25.8121053321345
-2.65672772105352 -4.45321833693139 26.4413212184669
-3.15184162536098 -3.96175004970257 26.2631412838627
-3.41567380023874 -3.30027266433791 25.8904499719541
-3.81573538264534 -3.84450783282473 24.4639616119165
-5.17206214214071 -3.93966496552551 23.2231148425212
-4.50157471939705 -3.91435329408166 22.9539644990637
-3.75721785525511 -3.8180991744085 22.020972675918
-3.34089386119446 -3.65314054288162 21.4509408090242
-3.67687676041512 -3.74524376708794 19.9039635081844
-3.78658786416987 -3.06945336248769 20.0143451540824
-4.01999195913744 -2.89703827182975 19.173596152901
-3.51356490860862 -3.2177675801332 18.5139267995862
-4.18759379178144 -2.53737992502898 19.9141127266866
-4.80074708648603 -2.02808960523864 20.2834647967758
-6.4061856040382 -1.93284565998184 20.3369903124779
-6.01802479118709 -2.6346952490024 19.936768547352
-5.31633027239201 -2.90405049718723 19.5921132459795
-4.78133542621958 -2.05330100892585 19.3672792086931
-4.61095459905512 -1.43132850975633 19.1802956234002
-5.58744741229582 -0.872690762536538 18.0930146597212
-6.43319535954231 -1.1288976662152 18.2274807296859
-5.65912807777248 -0.34905872032851 18.411312571614
-5.31797302297542 -0.805163704743005 18.6628997738989
-5.58611326514854 -1.54824592141303 19.7967557384579
-5.67969906258847 -2.26466963345246 18.7400032688872
-6.31003115791628 -2.26668040283349 18.6989340777907
-5.46946430043001 -1.62800834057408 18.128189508435
-5.09751274176196 -1.29706253776499 17.9610636442826
-5.18033983163939 -0.958926195978724 18.1647764015394
-5.09450625431411 -0.967135207346634 18.5473076554346
-5.71345347943913 -0.966053446788617 19.1594600367381
-6.36151721070355 -2.00800215442143 19.2854472244497
-6.52888711960883 -1.73469954447491 19.3053858917531
-6.86997127782515 -1.49930544156351 19.9566384000179
-6.74179004130181 -2.08299526695457 19.8485873727669
-7.35535030433368 -2.18173514969589 19.3466190154362
-6.70796192126577 -2.25049619707 19.6059495852808
-7.66085186567915 -2.0863761190356 20.2779343389479
-8.10289270045245 -2.28121214693708 18.9523918556827
-7.34783099888345 -2.54891209611668 18.3879593164678
-7.47913950243653 -3.33149591600408 18.1423091035898
-7.82589799572993 -2.8119709503658 18.6565210016313
-8.02641559427638 -2.25894479203614 19.5761188607424
-7.92728503412893 -2.19056231202705 19.2414773148907
-7.5714127564142 -1.76708449680979 19.2531871779109
-7.81170678836724 -1.20745740440554 18.825689623274
-7.1266284752139 -0.914655597092054 19.8367206751477
-6.76543664631401 -0.618336016374131 19.5097085085764
-5.64111354449874 -0.287642063648067 20.591818150124
-5.25674701342441 0.114876870538055 21.2626592232132
-5.45972192011868 0.721769883523491 21.6388061974684
-4.92610296679278 0.0762695611325996 22.6210582754429
-3.85304752002603 0.261428544149055 23.5441872352754
-4.50862591296508 -0.231384775830777 24.7300556327251
-3.99078232948289 -0.22226386875759 26.1569579712941
-4.02606222880981 1.18377407264838 27.2764652198873
-3.05895229085538 0.297144011883361 28.2847438240705
-2.67162505213731 0.269271985435914 28.9781270617646
-1.88614751023437 1.24495648234423 29.6626800385402
-1.35606920489478 0.556053894377659 30.2920763913207
-2.04822199018302 0.698206973920707 30.4950718120304
-1.68055336908754 1.0425877939305 30.8386757379202
-2.46264804425732 0.471801993556658 31.0615677849466
-2.13720433036231 0.639802767995408 30.8653145348091
-1.60960919781522 1.8875672327938 30.6520311580696
-0.866655252044472 2.07263121725056 29.6940598542043
-0.739599653186674 2.48520302222759 29.3135661313164
-1.50571964590161 3.33596448242794 29.2984800078423
-1.5249523332579 1.83001261634417 30.0404212191989
-0.464833200115682 1.0519299815532 29.8697288914542
0.598921297149182 0.364445369832955 29.5105987649724
2.13243815024416 0.41528942143922 29.2633798714526
1.55388437131019 -0.291471231965515 29.0329183514539
2.09819115308052 -0.592632210476125 29.1186719907305
2.28783997630528 -1.84946123715537 28.4378708391192
1.59395872493954 -2.50300719280978 29.66308964866
1.42464506625828 -2.49734842288746 30.554103310405
1.14151008477248 -1.62531099375211 29.2248210160546
1.36073194393289 -1.272164602571 29.1929231704937
1.33497120412977 -0.288034351679352 29.1587254894383
1.25811275955927 0.370205379741102 29.2206707753534
0.773308824781547 1.11512517046503 29.3854616020746
0.79175910595949 1.48311642071003 29.6320557286028
1.47707072118324 1.86757204632192 30.0946032174006
1.38033115422773 2.25571603073601 30.1405308500002
1.89888695005995 2.38250432294294 30.8810272163551
1.52180661639904 1.68839553331705 32.0677849765745
2.74560942509339 1.21843118634851 31.4392365325807
2.76039336677835 1.19354711562304 31.0943136096133
2.71058988979787 1.6880259089015 31.6210259273819
1.84694446139378 2.13608665501729 33.2332754766287
2.24853768040665 1.38333591856009 33.0603444705152
1.96639021996271 0.759118788135328 32.7876776836612
2.21942454934745 0.375114817586299 32.661618537852
1.95835227283243 0.233078642433774 32.5543036707014
1.58573273907073 0.885097147797239 32.0755690922327
2.41789815717181 0.395645383034831 31.795877241689
2.14330265204709 0.368746038106209 31.3475069840031
1.70171110767283 -0.58016760009548 31.1847043154956
2.75364713520044 -0.294157657018277 30.2726182237363
2.54414516737077 0.258448549389476 30.5349809800876
2.77656574458595 0.426019413769434 30.9974027083528
2.92750781523768 0.306210223722123 31.2319370885922
3.89164018749888 -0.25886190540348 32.5897161992248
2.94426389626901 0.410898956324253 32.7544859038156
3.01512650725531 1.27852532433565 32.742997332869
1.8582686744735 1.66555558711131 32.2700688387968
2.09261930699527 1.15036802436795 32.076908707251
1.74745460235133 1.11453076206114 32.9390050816706
1.65061306080633 2.31865264367971 32.4923728278936
0.916467707137809 1.83007120881909 32.3355288102314
0.758932330378352 1.97424420516411 32.4937372914648
-0.209657776174875 2.32741722598765 32.0366961759536
-0.271413077875918 2.22022658888014 31.4542581927079
-1.15336163925691 2.14393172114623 31.7029218999025
-1.02831080331433 2.13554228979833 31.9347304479512
-1.32340616749293 1.2034117548714 32.7516734012722
-0.870944754122434 1.86287691468053 34.1043799740322
-0.322470847189652 2.54579755044484 34.362678990718
-0.599102013624282 2.09735868735954 34.3139119102619
-0.547178920698537 1.64113983949951 33.8940003789762
-0.617344850389905 3.14921881376176 34.7385373658766
-0.441705536352057 3.3494801568402 34.5314949988421
0.112138887727228 2.58815742496348 34.5241482726521
0.121244941180989 2.23013853665949 33.8995284737078
0.61753651685544 1.86826634288773 34.5146608133071
0.82889379311019 1.51965771742432 35.5313302535714
2.00132629111485 1.51266902183143 36.6907700280714
2.8525219051889 1.917666933907 37.0296920502087
2.63450082435211 3.27006408645165 37.1220755923804
3.08500331133799 3.91830747710469 37.7567602148713
2.30222616809391 4.95167107022694 38.8385390391022
2.34571760859245 5.03816210382763 38.7540214727962
2.55194202030542 5.53249852236551 38.5105408092281
2.32693102647973 5.81747980470506 38.1256847460877
2.5686361035716 6.50843635836706 37.5590676382555
2.37177120712543 6.68424600201362 37.5963179520155
2.5880432403704 6.27981093490613 37.445522025395
2.34793036497023 6.05637452539108 37.9821792829014
2.31868550947158 6.78815079244697 37.2582234627748
1.9904999889815 7.45620243579026 36.7615265712202
2.34350912258071 8.19418210520735 36.7632207188316
1.43119291041155 8.20371116154034 37.2738903814104
0.918904097856508 7.69821905732199 37.6105007486004
1.13731305978137 7.90515507088307 36.897777407275
1.03597300573257 8.28801638599968 36.4719169291785
2.08898938276216 7.91774789720878 35.524800829184
2.60075990584249 8.17492421368442 35.204058693577
3.1756462839991 9.60272364685575 35.541396703541
2.51403635148304 10.1451463692105 35.2216601784633
2.62346308919552 10.0542811406657 34.7907326813395
2.18658036638346 9.2042477277627 34.9186531849088
1.75289321429903 9.27829231990631 34.6550917654619
2.52810996722812 9.11669525475231 34.2339855546733
2.59622833208523 9.08154097147335 34.7510753817867
2.12415652520315 9.23104268815717 35.5943311282077
2.56440951661504 8.73215616090833 35.915717714659
2.91151183909939 8.66865657135011 35.7633697017768
2.87137637569725 8.57688766876635 35.2070034716662
1.88287431202589 8.04797260885507 35.6903697536886
1.90077054833852 7.94181323814677 36.0358567991803
1.40471302974732 8.51195421545653 36.6768891701634
1.35190125057253 7.72118344122931 37.5161596169441
1.27753504133486 8.02544810462575 38.5245394707343
1.3543252408472 7.60767062311085 38.5328293851575
0.796314419998333 7.47878682943849 39.6984258805616
0.251261070767058 7.1282494461309 39.7749704778958
-0.0364608587203734 6.35125410748759 40.0690563746746
-0.249539874929381 6.01170099980919 39.7158016565949
-0.417480774730578 6.26571810019378 38.8411378351689
-0.893173547718479 6.53649815427536 38.8727373516866
-1.47876033377333 6.53874700692401 39.1928159664015
-2.12056522500416 6.78254645340404 39.4672160190958
-3.01547803402702 6.96109921424477 40.4352773183992
-3.30602108864292 7.53026901497623 40.2456129709348
-3.2968035783544 8.52948837454854 40.8198172743882
-2.66717418603792 8.46750721097704 40.4991951908302
-3.06334928851687 8.09550942249491 40.9489037593106
-3.79316577498932 8.74449990779287 40.9908827158809
-3.97236908978229 8.89558334604211 40.5156991265484
-3.85617607833802 8.58329155985579 40.386064196619
-3.71976782829936 8.65371252270044 39.7606783221075
-3.83246495497659 8.29899576428856 39.4802943475721
-3.49255608767142 7.0010699344684 39.4837763325565
-3.53041074608416 7.14827703506279 39.1186266628212
-3.17326651521841 6.25348121228379 39.3147132850514
-2.7296317637719 5.9704172819743 39.1567031491786
-2.70437070555637 5.62867045715728 38.5816522860109
-2.49621884731115 5.70222415084601 37.7222813940109
-1.50806953646464 5.44922427986595 37.18770792317
-1.93302694220399 5.60094232431618 36.99402002267
-2.62343349242772 5.20031496114816 38.4129153908974
-2.77100164125179 5.2914565389749 38.0490991194922
-2.44457605354279 5.3847400099652 38.237579094327
-2.26927539801949 5.35937674818535 38.4058650942853
-2.01486858936573 4.45979784991413 37.8157687554601
-1.31089628206169 4.60733605234245 38.1888039996933
-1.47263812340033 4.08248843277086 38.6619858093809
-1.35590522543524 3.74164746271755 38.0784318745028
-0.491371289527487 2.89096939802039 38.4740462730224
0.4231529667349 2.88490348552631 39.2122479760575
1.36701145407494 2.9671719108182 39.1660928989508
1.57564572594137 2.70779143799441 38.7385951975009
1.41267953612638 2.43075270147081 39.0263104958188
1.16643856481176 2.6704383676735 39.5311978468962
0.725721216263421 2.87626085156044 39.320029570621
0.766850124672219 2.32121042883337 38.5727294435146
1.77696403631084 1.11310678146328 38.6656929301862
2.44406831971342 1.77212159049036 39.887532835395
3.01441443101306 1.70851939915877 39.7876170966259
2.34132472582091 1.98553646251149 39.7434741727811
1.61962132568954 2.85395154251054 39.8834319598329
1.68943934336263 2.63009580536593 40.4524386396422
2.820092827849 3.71183858067716 41.4954375521715
3.42168936915423 4.2109248622646 41.8716777906416
3.2967724710808 4.4762485288471 41.9775284579801
3.53984065557981 5.22220495342021 41.3449541263008
3.27105189115883 5.57316512755818 41.3240002544234
2.9479278017981 5.40375545271727 41.4860892893079
2.58287132700062 6.4892930093133 41.6960976550145
3.18434893287815 6.13830641187495 41.3593002257176
3.67201551695 6.04190585564626 41.6212107116753
3.8709335570324 6.37115361352723 41.4533823562044
3.83295611253951 6.93516125965626 41.5117465378454
4.20410394331478 6.74698870970055 41.8156297969231
3.7428683430859 7.18554699698319 42.0814206593202
3.98462520800395 7.34204073053259 42.2593164633504
4.375460814254 6.66034402237119 41.8099972261796
4.76295334936007 5.72628021182141 41.1559190030859
4.63019840580824 6.05153193367874 41.6055470153849
5.07911653391783 5.36389448289498 40.8228831635397
4.45915485688398 5.14820617139539 40.5331335734049
5.38078302327187 5.24125662565694 40.3457316695878
4.61983703185099 4.72856779097705 40.8039902336397
3.36220616555798 4.15329179166885 41.1660537564184
3.1844233005211 4.32578665169801 41.5828020346313
2.58125452283922 4.3623454826694 41.5289709067857
2.17639423483739 4.43926150159955 40.9718470901955
2.17720169132304 4.05987203052062 40.8111433680415
1.86239202887821 3.71911024000483 40.1198723086859
1.69601634993457 4.43602248455059 40.0210157749948
1.41387646895631 5.66615630112566 40.4680090939845
1.67377695182446 6.10556666107992 41.4552996304102
1.03573039005436 7.13129997782608 42.1104561396426
0.536274509197261 8.05460543608657 41.94704093699
0.68093803035124 8.44945904804074 42.9907929461252
0.642795560628903 8.44230667159999 42.9910863836941
0.921844121279609 7.74608063593304 42.8198511345668
0.72711665907773 7.77250751584148 43.4388199391394
0.119923795442354 8.22689208928909 42.9784008708191
-0.471078523677702 8.76682741065634 42.8098805895848
-0.202773949442393 9.0887367532985 42.5099654498195
0.744494064343499 9.14354934084365 43.7339844993762
1.37001191516537 9.09744973522919 43.397311712282
1.17788927751197 9.62350273162525 43.3331998994323
1.3105867339568 9.57073144109713 42.6990548850009
1.75863522665697 8.8103525302773 43.0610338641225
2.08561789880248 9.18958639478784 42.6333263243813
2.18040510280882 8.37766217652121 41.6778524275877
1.36961086438108 8.67582743234218 42.1255807457267
1.98715839604741 8.12397412771423 41.577719076697
2.51035103385393 8.1844468472775 40.4308319868041
2.21493163377362 9.27167547053154 40.2904753830328
1.98084787501214 9.49743892108182 40.1807093318714
1.60694425446065 9.00422106835228 41.0008328431343
2.76563313823215 8.95126384990845 41.3354176078946
3.47658414759554 8.89831554159573 41.3677199264037
3.77090308510863 8.98769967484455 42.0112792544224
4.13821676369826 8.94405385942582 42.6057448019576
3.87555982276235 8.25528333790129 43.3320870474658
3.6213105043436 8.03923521422697 43.4087756593971
3.8469422537128 7.80839860723551 43.6097072470748
3.68223045967731 7.93417464933057 43.9398106974775
3.53357534816487 8.46037591079056 44.1793985968164
3.56442415985792 8.532106232703 43.7874324009752
4.06571579893884 8.5402099895978 43.5733167355732
3.92441942022394 8.38020172010586 43.6799435510765
4.0339050261305 8.07039936345081 43.5572113603633
4.24696035674349 6.70085801268978 43.7541298998362
5.25828598384462 6.57783043354633 44.090040258898
5.81952604264894 6.99314386520263 43.6799469344356
6.48481888905726 7.03823353823189 43.7740305586298
6.22770944649845 5.7325501958818 44.2693833156688
6.34563188757822 5.33231722338774 44.3044385479408
6.55986114347019 5.60216697351933 44.1716303654608
5.88103231083434 5.68860627839495 45.2005585713036
5.66563413535228 6.64897936787386 44.8378642427278
5.0772357319537 7.17436832972572 44.5900095874466
4.42361569354152 7.00031360570695 43.6001543913042
4.49609043638108 7.15063531022326 42.5967218499153
4.04203144662904 7.95746308382239 42.0144174352145
4.18184540786459 7.73544543620115 41.8852776749633
4.27718427356619 7.78628589584263 42.3636477527866
4.12474219016369 8.19999555312375 42.6789898879497
4.77853801773797 8.8319247577398 42.7130954592974
5.2137537576954 9.58952099733019 43.1515702129001
5.53099237334133 10.1198092788189 43.7498140247834
5.17653955693863 9.58403138195898 44.0875755389486
4.78719356998519 9.50770472511307 44.2417551161947
4.54737208193743 9.36414385660963 44.9703900030125
4.31996901500402 9.90512305827029 44.3649935074989
4.84027641342125 10.0760422498785 44.683375479155
4.38415290763313 9.27573645996538 44.6909225902499
4.22660051812669 9.07267549459515 44.3570334715094
3.96227490205666 8.84799396190697 44.2374823782177
4.41451986888144 9.41370325842307 44.688023861289
4.16575542017284 9.76767180328429 44.3153089176494
3.68552952783818 8.31124629888125 43.9913391504448
4.03586730551826 8.215555820436 44.2832008542944
4.73422969496208 8.37458335491877 43.9402651499328
5.62001765448315 7.51190332199691 43.4481695361566
5.92345861501782 6.93956275285087 43.4870125264934
6.8774822802883 7.14728959298201 43.8710658527333
7.08433168541855 7.11350637105235 43.8133500364822
6.62086407409118 8.25901175784272 43.8062732637638
7.5615676057392 8.50655242018065 44.1618781229403
6.85955622367759 8.28286037278653 44.0293407575789
6.18729061427489 8.02292017281123 44.079404023699
6.78972555966793 7.40951077971712 44.2587100978329
7.40247788424135 6.66087486967795 43.6616903746599
8.00494996547333 5.97002372994767 43.3894517175733
8.73970352855971 5.68938033351784 43.8576091446958
8.59658769845585 6.7841782720805 44.2823775608356
7.73372765727975 6.17675632304804 44.4038570416671
8.27703590645129 6.67298904242804 43.6991031123286
8.79934221095954 6.84446669716094 43.5406209947981
9.43651778684076 6.38254922050668 43.325581579079
9.96067109070625 6.42502965012886 42.9269711150911
10.3506585900139 6.1007056701856 42.5137646084409
10.2669680295838 5.67439192302388 42.3228121427208
10.4234131858115 6.14134046408555 41.9737448392406
10.8845793371705 6.77574224963004 40.8849419060901
10.775141610693 6.28972364808194 40.8856661847933
9.77378784351266 5.29273373792283 40.3197947275689
9.86627294977383 5.53309971791582 40.2872407456466
10.0844105498872 5.42478225985161 39.7641230687162
9.21867859704517 5.63316833396758 40.5466386516632
9.02328536569765 5.59369849352047 40.7711801927167
8.4870671333818 6.06995188526957 40.7132315495908
8.62659867214054 4.74135151273886 41.040470796002
9.48696744276272 3.94825304127549 40.9598740199956
9.51640140594011 3.51162657337723 41.3216530704028
9.53811555330756 3.18034688290108 41.9676419162499
9.53758953865844 2.67594292988389 42.2474508834745
9.47682140083789 2.18710529804951 42.4720423106736
9.37071854412467 1.71511185446373 42.4363503837919
9.53840295295065 1.49371454320342 42.6766113439081
8.99209862196587 1.05921820962986 42.8095548982192
8.58508105685099 0.99091177087153 42.5124295900464
8.7796460435357 1.63556748979739 42.9430122724531
8.40263833846919 2.1763488317023 43.5331386608446
8.34124751748181 1.85438292227803 44.0904268888121
7.70683801100777 0.71301510965699 43.9695761037981
8.09500069877825 -0.485496802911952 43.612881422018
9.00950656163101 -0.169614302451382 43.6604099620534
9.5209419179206 -0.649421278822538 43.4582964915857
9.36228481235638 -1.00535538980054 43.7319666457412
9.28767893377613 -0.824266474195892 43.8677876117561
9.3232863869131 -0.0743436237568122 43.7182979009621
8.7438777421396 0.624380936941991 43.3688592973521
8.638117411454 0.728886823277893 43.4036326302529
9.39439357767293 0.77613681701567 43.02515541017
8.52332501750051 0.0235701336203569 43.0503108591331
7.68225823832318 -0.170573403130815 42.8886016575438
8.33282439450852 -0.317876072407768 43.515380238476
7.54989075686504 -0.838242180329615 44.1859483735562
7.48979763832762 -0.61722888545362 43.8985486539457
7.38060843656102 -0.67077218664257 44.9033965448146
7.06844503785197 -0.613043282533063 44.7965700340777
7.06025671420681 0.792305731312834 44.7744688828195
6.47452718848643 0.956299876459511 45.8797621206311
5.88184821664831 0.747971888342037 46.4123676934756
5.21969456179427 1.38429557707458 46.3849113968158
4.31795536870795 1.42801877575696 45.8060331282934
4.393099945152 1.93229771769553 45.5433702902988
4.29990789948817 2.14798835509006 45.3697479616032
4.4937491781349 2.29520128953016 45.7179571939321
5.09948062532322 3.0771260217869 44.6670805548636
5.15999731572722 3.52001672696169 44.1103935482781
5.53801703926017 4.17763585300296 44.4139848405679
5.20850126974358 4.28908767053371 44.1912344424165
5.42444020164774 3.92143868024886 43.7651658567858
5.34405757726708 3.6388015237792 43.3260364673574
5.17744740219976 3.33640642021692 43.1573607272063
5.55894628843094 3.48044174490578 42.1298282718449
6.01704695432089 4.00900709549881 42.0317403609928
6.03242227938633 2.91028194472791 41.6249707648069
6.17964385404783 1.86511297074183 41.2459083126704
6.28702544047752 2.42244949641382 41.1498801504695
7.31396105907918 2.33271623503063 41.2818539837585
7.92667382919536 1.87354816728639 40.6401155685271
8.06431365118228 1.9422276114197 40.1998669681566
7.72337163427963 1.88441061841784 40.800785080386
7.01252524661786 1.14515028498867 41.2957884423152
6.69919217688138 0.132991928405063 41.7555208084729
6.68306106704094 -0.81022114538757 41.3884157657576
6.71092414711881 -0.831415346582845 41.7068406987419
6.91886632726027 -1.06300111323826 41.1094231004455
7.37406733634662 -1.35640846281666 40.4008212977644
7.70620903354385 -1.26177369039747 40.457615029625
7.65274883188427 -1.53234620265367 40.8221706312603
7.31519804346832 -1.90826483061897 41.3997644265893
6.93581357236515 -2.14515527001012 41.0033989927914
7.61509566307659 -3.0038511768807 40.4948335638646
8.19175446788543 -3.293190236775 40.2091424765008
7.58149013643869 -2.91383265307366 40.2002313763758
7.67971300444684 -2.77438291885249 40.2478053264919
7.15619876252923 -3.31349840916837 40.0777489659093
7.90125969905772 -3.61414051641155 40.5533244529304
7.93206251809901 -3.24218242741212 40.1350173413861
8.19766549215041 -3.0927062278412 39.6147283982946
8.0191661855894 -2.77203516427323 38.2832853867261
7.09561666217233 -2.01547367824977 37.9023092067635
6.28089127994561 -1.22449223022902 37.9596341654077
6.01077540836486 -0.89971505452707 37.7628374764837
5.94910226189089 -1.20082135706337 38.1627222062337
5.18864632640961 -1.33841960824557 38.1727614983467
4.31194702103986 -2.08231191585981 38.6929589883597
3.5764416219587 -1.8614716121123 39.0462647957268
3.5237969092403 -1.95479468346248 39.4098013710606
3.81340374279678 -2.11989528605081 39.9105300642969
4.40165952860154 -2.37894017029898 40.0341441591611
4.96919304106872 -1.82012084694077 40.259988376449
5.10770588550195 -1.27116582573577 40.2497983370457
4.93633828817016 -1.42168771552137 40.5294236752908
4.65146490175019 -1.60978470351067 40.0027523238927
4.18485506936072 -0.506361140786337 39.6171058205169
3.92720035686897 -0.624200114788535 39.278617536258
3.51333073055366 0.415062290946428 39.3959187286547
1.93025003955721 0.953062593442376 39.4080604352437
2.63253894276904 0.766474789863817 39.1414783878242
2.81511173875328 0.420848820192578 39.5785979010441
2.99566832698702 -0.675095185505691 39.429962467842
2.11217130402238 -0.667827481003081 39.6118024304256
1.81638743582897 -1.5115939248498 39.0681883493978
0.959600156062405 -1.39607849327636 38.6928592852394
1.04701760738425 -1.44708065271089 38.1476400033328
1.21000338357973 -1.82664498090139 37.9038644477832
1.29298917460238 -1.27728483920202 37.8562558070536
1.22975270589585 -0.911978657510919 37.7286634631597
0.271677821424652 -0.946995048597087 37.4995236920072
0.133682059876771 -1.12972047398701 36.7328092422091
0.435154477377679 -1.12351646961641 36.138561338196
0.918968662446822 -1.01008235452422 36.3305825545869
1.28165155139254 -1.28186443881346 36.3523188670389
0.912092685088031 -1.16211943323415 37.0379976499616
0.979248092927839 -1.24474925432665 38.1675678900342
0.355309073956318 -2.00654837180468 38.4149459421607
0.0538095601807003 -2.19293554179077 39.1624614871487
-0.231041631303919 -2.591605391943 38.9827777681823
-1.12009750654215 -3.04298378323804 38.3332762693966
-1.69942712508426 -3.05392284043266 38.3880032761104
-2.50235686276296 -3.40510105147068 38.6216059889186
-2.76277487150312 -3.51687830469084 38.5243767382167
-2.98149374377748 -2.94911145555969 38.1863566310361
-3.6029410432482 -2.94299348849204 38.2336059746009
-3.82471569319106 -2.75445018864801 38.3245615360723
-4.69747438481576 -2.73295284034194 38.620400459117
-5.4235244694213 -2.43658504249091 38.4754026095744
-5.44570714831991 -2.21451641416534 38.5103942949892
-5.81415269943462 -1.61552341949487 38.4241669683362
-4.97793040464686 -1.69983201623297 38.2127565207648
-5.09020700465058 -1.49952035893558 38.3857453575135
-5.46110977654546 -0.585654992073497 38.7536599141276
-4.92572840015293 -0.0578913461781117 39.2855815412295
-5.68494526067502 0.0769748782084809 39.3023885373887
-5.59986762330986 -0.327824546043726 39.7140538737494
-4.98646667377912 -0.731500325197267 40.0035750956528
-4.67284184682909 -0.940163935941948 39.3769134454943
-4.30361338106315 -0.662985059217919 39.3282707401098
-4.16009347426927 -1.03401562159917 39.1790240169771
-4.40390477890097 -0.489563741919189 39.271600079416
-4.30828261031032 0.0161030263709254 39.2310735882502
-4.23787639437067 -0.0858109878817087 38.972344490631
-4.57963449705081 0.385864815805318 38.8378155736553
-4.08164518708935 0.700376279313467 38.0101678963862
-3.81662054338153 0.466897874169843 37.7333700385382
-3.62853195524044 0.60017498619956 37.5028203127216
-3.62020811595725 0.501336340843978 37.0331680732276
-3.50724620134512 -0.034389598464938 36.8743877153463
-3.49668080761613 -0.0602878395948704 37.3799865784323
-3.45999920736787 0.382529473006551 37.9597045915708
-3.19981990416157 0.934477229697978 37.1231813873603
-3.98574422363633 0.741068700264636 36.7191707593635
-3.67431424828753 1.10171622211829 37.2120779798053
-3.43927373279324 1.43511385240504 37.4180286121221
-2.95706788927894 1.92655442473714 37.2096252173371
-2.57020260098383 2.21716120449785 37.327684907814
-2.7696142761483 2.57388767131686 36.7869959358529
-2.03251979482328 2.49710840804564 35.8891939555164
-1.20821580141658 2.33330898682757 35.945554028344
-0.527250791722823 2.52925327013833 35.8576316426861
-0.0553091211365687 2.92096046966087 35.4569101711047
-0.311192305094123 2.85564595493694 35.6410629325738
-0.133911154949202 2.69661016086918 35.480700822059
-1.01350940288591 2.8981804976645 35.0045202124247
-1.1186640585451 3.66465114928588 34.9608465732748
-0.320566708374169 3.5605368731561 34.8235393896229
-0.174084053452301 3.51093745562619 34.588200600409
0.168051710881696 3.30302658259282 35.1059979326425
-0.033466374124962 3.02563807413174 35.2775668858149
-0.464319570962448 3.26964456583429 34.777612029878
0.0337851539677287 3.47711758612386 34.2841737672266
0.239482270962202 3.4874200906746 33.410011565358
-0.382873199836829 3.63488520007099 32.5508897522611
-1.08669504324557 4.04534254110166 32.6919876059789
-1.47980194103111 3.85167251155786 33.5371230135373
-1.17181495812631 4.14086120995864 33.6807327534912
-1.26774010174979 4.80167693310668 33.6259090684292
-0.995224880427367 3.75537778926858 33.4337183029504
-0.81654155897272 3.76617045369015 33.4887227096505
-0.754918259439645 3.51983018685678 34.566769400914
-0.224558902409646 3.13052962123585 34.8863159425389
0.427264387109279 2.48361080324121 34.8054747560478
0.84950494288096 2.49558379615002 35.2334805692758
1.58195263295706 2.8500670303393 35.3795992218957
2.16901348896533 2.88841015990982 35.1334335561143
1.61475396240417 2.43508701284292 35.1329516572631
1.58947171458114 2.46827339121407 34.8043023095144
1.71774998663651 2.10023698388322 34.4339900167474
2.46709046063167 1.72772593875638 34.8008356823709
3.09853561804728 1.90365957327352 34.9380638508555
3.99798194734037 1.26097430230424 35.2181402495663
4.58835167283746 0.344545792809085 35.4789904031244
4.75128652820575 0.0859016245082159 35.7581304828557
5.37469389819124 0.0357928450166879 36.5180418456557
5.58794376278771 0.186986509281062 37.0981496310412
5.41353003031348 -0.373401004594854 36.9366512416536
5.7008109521262 -0.812520793752594 36.9838549283747
6.68181898394071 -0.761337819492444 37.4436706273261
7.1129535825207 -0.764421619979248 37.8711106035406
6.9684720614817 -1.06283324481886 37.6186652523336
7.09442132397427 -1.08562101749369 37.323184181139
7.20038483991837 -0.564916517423997 37.9669336908037
7.00634825455574 -1.23039189420101 38.4146672438658
5.6043013987765 -0.949797063565202 39.1333625545889
4.94379176949259 -0.651838708838187 39.1672808761715
5.28188498448974 -1.19051973295707 38.5837426594805
5.2726927649212 -1.25118546550527 39.0069496267484
5.64806971480354 -2.27955053028674 39.6187911984804
5.04060030905358 -1.89572038294581 40.5520644517904
4.31693607289655 -2.10802077027609 41.1001782256696
4.42354683317689 -1.75930321763625 41.0332099167944
4.40958488860237 -1.40045074825767 41.0326032394451
4.3985441591875 -0.96878990809532 41.3828010916377
4.06472033419183 -0.779516709824561 41.397436034647
3.48635113631166 -1.42341832864983 41.7688147300403
3.60655913267211 -1.21292940752375 42.4349070817095
3.45790147188154 -0.743710457361859 42.3439858633367
3.52666339413115 -0.636235637747541 42.4689646943774
3.71462222002189 -0.830194788705902 43.3016728537432
3.62926213301788 -1.18088644332557 42.7759332982787
3.46768535188007 -0.742291347974505 42.7279484132844
3.03912290616959 -0.690026477943171 41.9638005707311
2.71276609988865 -0.909505547044269 41.8915725042037
2.45711641548261 -1.41917287139873 42.0803586279081
1.94181317268482 -1.53461824509132 41.6483642979469
1.3229706197471 -1.11843012260137 41.889112435395
0.731539693535605 -0.767960620392305 43.0103976274884
0.200213547826989 -0.297782834616094 43.7414977502461
-0.202994401591428 -0.420181615634459 43.0952364140992
-0.531501221090565 -0.483924832290208 43.2255018818631
-1.13428587765657 -0.547061956753922 43.2250631290767
-1.22545276014308 -0.203146839445529 42.4918293307834
-0.873779122819013 0.0267204387595419 41.6059047950835
-0.819182451402632 1.22475982654356 41.5872320547416
-1.71229322360354 1.21228926242793 41.7947498282974
-2.17568980124446 1.09705554405871 41.9927689342218
-2.57943153466291 0.201038761202572 41.2281061594449
-3.67655685374604 -0.0702084359520773 41.0800703995088
-3.86855507988693 0.250153691568844 40.7329167071075
-3.59051637336881 0.235029866665909 40.4302216756478
-3.47538923895113 -0.0298523675983045 40.0861364132133
-3.46252622665357 -0.112020689706137 39.7076999801245
-3.40148275971118 -0.222777998358674 39.466665586279
-3.7513440399918 -0.597689987900216 39.4534201601284
-4.42869378611419 -0.73870055044941 38.804945819349
-4.21174358012052 -0.939370171409102 38.6869091127
-3.79985633337209 -1.38917620077835 38.6845567073718
-3.54103666669914 -1.21251772661443 38.7552189678103
-3.73078177943839 -1.13121563794859 39.2989272931131
-4.33184374873824 -1.02007555727679 39.8013340139816
-4.89554800510207 -0.893770604560768 40.0036737207162
-4.91680710844257 -0.877668928580632 39.5365515599168
-4.82887623476048 -0.889964810189824 39.3244669331229
-5.0383986006077 -0.525258928229359 39.3523713463668
-4.83179639841965 0.222698161340674 38.9594757234802
-4.58496839029517 -0.0703642022441075 38.6053761993446
-4.76938400383771 0.749857155674838 38.3840444216351
-4.82803063436673 1.1800665900659 38.543474778735
-5.06521659494747 1.30699592803969 39.3762235258787
-5.14466047272056 1.65362297705916 39.6430442599061
-5.46683965012065 1.93298277080591 40.0098215336697
-5.44675890141158 1.9901524003265 40.3917505822119
-5.35478642227888 2.25240814228704 41.0358694635008
-5.10061993253506 2.48492301155406 41.1549516065807
-4.97257255584482 1.92273770199002 41.3948507567574
-5.3430521154068 1.29320444282261 41.8177981845391
-5.52015015951104 1.18982233447851 41.5736590300069
-6.07347865130484 1.26469797959642 41.8592001082057
-5.90921605502765 0.426245603160898 43.278471760578
-5.64754836998283 -0.720101139596502 43.7409209925543
-5.5833995254611 -0.525557761040107 44.2262440836283
-5.8499891997242 -0.113063705493231 44.8703317044932
-5.71866279683812 0.474824092704816 45.3856743826775
-5.40337095876046 1.30234865463629 45.8732327134886
-5.6713199358328 1.85656002000213 46.1438085127461
-6.62408850848647 1.78730166732659 46.1071124005945
-7.25396521392684 1.8961021449805 46.6777829306132
-7.0234646620226 1.82934325671942 46.3327562743213
-6.5755317909675 0.81677608557073 46.4537887945584
-6.59724128172038 0.376193204626838 46.7979531225168
-6.5744969521898 0.515312401852012 46.6535985403216
-6.83993758570992 0.615360928011231 45.7330980393854
-7.36523679499825 0.330144415990448 46.0820910737644
-7.94950803299372 0.152418474875124 46.6534682795272
-7.988867196959 -0.0833858897963807 46.1869352582889
-8.31876457403777 -0.70215857676136 46.1017315601934
-8.60984179529 -1.40430452946019 45.8964992672711
-8.68941267692754 -2.17139215199252 46.0865676009159
-8.71196363296691 -2.72407085633468 45.5123313463868
-8.55520431597624 -2.08431216938721 45.2001144677171
-8.37594242341146 -2.10096686587271 45.1950471104462
-8.76232679486867 -2.07142582132234 44.9886478534899
-8.91656883359744 -2.09332852057577 45.254440087122
-8.86117731792092 -1.99520426107418 45.4868292259741
-9.22709140166827 -1.70632666196291 46.592271102745
-8.98826340798857 -1.58183112447616 45.5507588025241
-8.51918534595016 -1.13753403751468 45.1020690157004
-8.58207568063322 -1.25007383410114 44.6223637465635
-8.87916434513609 -1.32126140804545 43.6596924324158
-9.22795412400897 -1.25298450869083 42.4855336664834
-9.52563341311905 -1.46112221230551 42.1425714837834
-9.21052741397681 -1.17209946481826 42.5770262136688
-8.23382079368726 -1.27231917525914 42.5321734250893
-7.50476181049049 -1.11514626464785 41.6499232967722
-7.25982661566586 -0.119119288275393 41.1355528856705
-7.09328888933759 -0.2454587048608 40.717146323655
-7.05798619382282 -0.0116126368536217 40.5723857510978
-7.30219730486029 0.250674713161187 40.9716049481616
-6.8700369035696 -0.00797745557018476 41.3788097805892
-6.48931517658513 -0.1500853198436 41.1982247536007
-6.67772429950866 -0.276709111905089 40.7247377905601
-6.53638603181679 -0.142903686498802 40.0942656114882
-7.08643144301012 -0.0625410982264972 39.1566101654458
-7.82323160705209 0.457245773521842 38.8074427302447
-7.80257513003686 0.179175198905111 39.0990244413417
-7.91656847813972 0.0575171230724277 39.5908223226183
-7.93485619160801 0.230154391355256 39.6983525482714
-8.3323198085502 0.379633158386545 39.6036011074926
-8.31702589279288 0.41220129180875 39.3429644760703
-7.32784815264298 0.369306082839209 39.3136977540207
-7.25035372365461 0.191705834277998 39.1902795543287
-7.08087163794447 0.428524067215637 39.0612730426901
-7.11411252828372 0.736980303928272 39.6690958589625
-6.15313060803608 0.822160719267986 39.8227281141009
-5.71313935486809 0.483972818063973 39.7883034127925
-5.68051820326807 -0.289460693570015 40.1294677778777
-5.55169302498457 -0.244233031300267 38.5946224602603
-5.52156577651105 -0.333315109536081 38.598597371057
-5.1588410659192 -0.463436055520746 38.0295199768896
-4.68177303441308 -0.631841157163521 38.2090175692129
-5.30728502599091 -0.106344435663218 38.1117460957028
-4.62034863385279 -0.20860529920627 37.8541980481917
-4.25488715276942 -0.0396217472017046 37.6549804735373
-4.32759432459182 0.520753676593655 37.4734086472512
-4.79732257309783 0.37713703791066 37.8916178021725
-4.60898894215451 -0.483528685937431 38.3501991626101
-4.48313744150058 -0.312489658436156 37.6739821151275
-4.89423540953236 0.231449728763672 37.428287850327
-5.56412943144715 -0.203128810659021 37.6620472412489
-5.8309347036072 -0.29709223354808 37.6160219737553
-6.80638782114708 -0.661052328935346 37.6688388863402
-7.46241666205347 -1.08742885339808 37.9692616875041
-7.97363002150029 -1.32871716518249 38.4814565196978
-8.40160436484091 -1.68259320859763 39.1476245029811
-7.55752619781192 -2.17981366121901 39.5016977669493
-6.73016720807803 -2.39980557754774 39.4576916032919
-6.32386217010204 -2.81679743383473 39.9967329546472
-6.26202614179931 -2.91693356357796 40.5962031821966
-5.94619425248013 -3.16617311915332 40.979792302962
-6.17662992846193 -3.92864200144753 41.7227445604766
-6.50552280026039 -3.45670492347254 41.5195928401816
-6.73572441143219 -3.12650360632804 41.9035354151914
-6.77500299088164 -3.38347654743338 40.6657864495155
-7.57160454004096 -2.7981310799603 40.4665925910139
-7.36370759485064 -2.46623842249904 40.6843619745965
-7.54379378755611 -2.60989820549548 40.080589204212
-7.85783768074475 -2.46627441922502 39.9882893583537
-7.42345314948313 -3.32352994985262 39.3642834355276
-7.85818428267358 -2.39496742003549 39.6638047356369
-8.03725052419898 -1.1837549004035 39.9147270170164
-7.99119892397395 -0.413593003099469 40.1002890443852
-8.11537174467385 -0.5784105836545 40.2635989289449
-8.59805550567547 -0.244303989329712 40.0871166264401
-8.98616327495813 0.0305707273737076 40.4964620879552
-8.40562027299528 0.102846496548583 40.8804978645867
-8.11487669007767 -0.513560263990625 41.1749221876956
-8.69937028507285 -1.0699147298124 40.93910890764
-9.52543753107388 -0.700471872284894 41.2241593981906
-9.65992178220268 -0.305536992759733 41.6495843140824
-9.53504582324802 -0.284634382306779 42.1292769799395
-8.91178006793454 -0.148102607691264 42.9671027297323
-8.37358608738758 -0.233098037595103 43.0379048615324
-9.14812026688175 0.0753004851181133 43.286513887018
-9.91075418628592 0.249563621225775 43.3847876844098
-11.1396430562624 1.59989105233925e-07 44.5508118339715
-11.2986375947827 -0.189597818595576 46.0514050985066
-10.8934310547202 0.332394922035062 46.429512419597
-10.0657957339659 0.0967693135695218 46.9549296295247
-10.4032903823124 0.864451102959358 46.9157641004052
-11.0582726573051 1.22193158569337 46.0247226914072
-11.5184493399178 0.604774320564045 45.9373384096073
-11.0703307057569 0.251443667381825 45.8300045586859
-11.4658918547903 -0.184623598877562 44.9029894141307
-11.4352834181272 -0.710035158247571 45.1619621840474
-11.7911805192228 -1.06202792095673 45.5725781134882
-11.7456563187278 -1.16898028707748 45.9550335376927
-11.9959282472408 -0.94849266069691 47.1563953735943
-12.3096586773709 -1.75357181034043 47.7420263291474
-11.7184805280539 -2.43552881649252 47.9914870661081
-11.059738742705 -2.62493435675951 48.2949900515864
-10.7300368244995 -3.06061459394544 48.1070590832147
-10.851415272367 -4.33393193327478 48.3699992481598
-10.858668101906 -5.14960900876335 48.8649533444095
-11.3104720893964 -5.69963764354374 48.3676331246307
-12.0342096014145 -5.81655140094807 48.1115854043243
-11.9663257824259 -5.54688378856991 48.8244232857098
-12.0091091256494 -5.4510142382931 48.9877454321863
-12.3792594916688 -5.23485132711753 49.3254450268041
-12.2948568104947 -5.0570791683315 49.8198216131368
-12.3668857029877 -5.44896074160238 50.0445019436049
-12.6578806017014 -5.4800359831239 50.3370025791966
-12.6002473321354 -6.13618997155637 50.8577119970856
-12.2329193374925 -6.27105942709217 51.4759099452231
-13.4797021061616 -5.99995037039092 51.8481549276664
-13.437827415726 -6.6928406966813 51.7132660991636
-13.0637305082873 -6.91183780625523 50.9214033133375
-13.0000228813289 -6.42661811158514 51.0074962048464
-12.969430564653 -6.04442326496601 51.2824700457874
-13.3080998564656 -6.34343592312724 51.3352838245578
-12.9188031108617 -6.68696347094607 50.9172958524307
-12.879760509428 -6.57046631143979 51.2720663834944
-12.2843955915456 -6.45782170882726 51.497556185106
-12.5583046896432 -6.93475520448618 51.5532328487417
-12.5204298315077 -6.93888460012456 51.4228927153681
-12.7644304072196 -7.08080245710273 51.4698824652389
-12.5422420311265 -7.48710380905468 51.9903286407672
-12.1838646739442 -6.98675217538354 51.798085304484
-11.9595108767659 -7.61532880225527 51.4661224470095
-11.8570387309223 -7.51885128708498 51.9986029158866
-12.0698979283732 -7.53059963290619 52.2402069533426
-12.303100341435 -7.77646678133547 52.1050266266501
-12.2779300150354 -8.179456310313 51.9432240036413
-12.4224728433221 -8.01387181830835 51.4293570063063
-12.3802051628452 -7.54989341296245 50.7768129468916
-12.1406183894444 -7.23442172246585 50.4892349605284
-11.9329363491148 -7.03495018429369 50.3743931368334
-12.0437880108651 -7.17350302875384 50.766457271797
-12.1615053223776 -7.41812282395619 50.9742776586676
-12.0397459107276 -7.33535826468879 50.5611122641988
-12.2714108572106 -7.25754650008827 50.0890357104395
-11.692234425857 -7.93624983942942 50.4341681810021
-12.7177715565131 -7.83865829987325 50.753851198044
-13.667617602756 -7.66067886757352 50.3481905825546
-13.4982951804987 -7.39075720772232 50.5493627390306
-13.798946969673 -7.43379427469513 50.8723829868934
-14.71012037349 -7.87105658027568 51.2221913332547
-14.532305165355 -8.07399666600031 51.9429424096144
-14.0748032345198 -7.93270790089365 52.2731192709865
-14.0089067307313 -7.9744552574961 51.9432408131647
-14.0836846164051 -7.97923883633284 51.381863468742
-14.2009788586942 -7.60964519987451 51.0251373480813
-14.4897436856155 -7.50199639114398 50.4840836660112
-14.9366460128434 -7.23090289101759 50.6661691760858
-14.5904248501495 -6.38307132667833 51.0884062446949
-14.949727358109 -5.92248098211206 51.2131041562781
-15.1778411025462 -5.56309056370265 51.6124347590771
-15.4728711468109 -5.47128614945328 52.2521165747313
-15.48680438027 -6.03591066789132 52.1783225917115
-15.7481037189628 -5.9219294497464 52.0028862289612
-15.6741636091184 -5.18155392702058 51.2577163881045
-15.3812500612842 -5.17493244556234 51.5016301823768
-15.263982089887 -5.15723235140173 51.1141132398506
-15.04497323681 -5.51347464237021 51.5495488837735
-14.9785014741265 -6.29846712371346 51.602443041447
-15.1646669283556 -5.94022597814125 52.2647967039247
-15.6153279679453 -5.54333235597838 52.6425891481606
-15.7914864089397 -5.39379128678771 51.9017563544878
-15.779150943322 -5.36801232346138 52.0963287999905
-15.6911502979377 -5.44961227930965 52.6676625273105
-15.8244493799375 -5.39083548253207 52.9729056060024
-15.6506792593665 -5.73416000297717 53.3454475897991
-14.470388220627 -5.64407719056284 53.8791223260346
-13.5691411758298 -5.31423796599345 54.0618202265181
-12.9070617651691 -5.07569343063374 54.2080480530645
-11.9222879824633 -4.77920372886164 54.5179807201203
-11.8004061300477 -4.96342145028761 55.0322598735746
-12.3683760966112 -4.61881491223726 54.4211552733372
-11.7549978694209 -5.0873401305693 54.6763560764283
-12.2501741587804 -5.84635544017681 55.2266944682817
-12.2759590063364 -5.54324598647302 54.6539995879985
-11.8106135790542 -5.7696515925209 54.2850754278536
-11.7050313258263 -6.30992655235562 53.9060092892602
-11.7315614184929 -7.28379885550701 54.4489261604427
-12.0571999572481 -7.34645424791466 54.7287634876532
-12.3934091152973 -7.63213292675522 55.0355548037234
-12.6376367056592 -7.40337355948999 55.3124896910505
-12.917393523347 -7.03810977018194 55.878384112417
-12.8287148699643 -6.05107131503999 56.2882720342007
-12.4560747105721 -5.10444277349405 55.8883042666162
-12.4854321966195 -4.85966107879763 54.5849566935213
-13.0520918418834 -4.68760513017142 53.8493069558821
-12.9482328988351 -5.4360623394819 53.6532899765708
-13.5391874194428 -5.58361337589112 53.1433415288299
-14.4668903446331 -5.7640623828648 52.8855261039174
-14.895919406059 -6.47472701570438 52.9499982096112
-14.5745608251162 -7.34242203512546 52.5338989003611
-14.0411094160783 -6.98514753332156 52.3359004467207
-13.9826238067029 -6.55653666368483 52.4042285500143
-13.8289880467823 -6.02352603905586 52.332113235522
-13.9859901375801 -5.7266358265399 52.0825651606531
-14.6448054386936 -5.89525244034853 52.2236405882846
-15.0279843333692 -5.75283426044474 51.0674809103644
-15.3745054775132 -5.73000209460929 50.6248061440894
-14.944846552877 -6.26312085137642 50.2055275761729
-14.450415092793 -5.91367938630711 49.9555699684126
-15.0608618228692 -5.46581343856294 50.6285726586971
-15.1179408206897 -5.09569818360688 51.0171103829168
-15.3237418319221 -5.22725354090044 50.6123299828747
-15.855388022329 -5.28399131084092 50.4096092499529
-15.9804825411397 -5.12476681426118 50.6810408168476
-15.9770779451785 -4.58991513161051 50.7807491282286
-16.0063347973745 -3.95625590820265 50.3762207338751
-15.7727168832522 -3.88725272666281 49.2146965431041
-15.7325561889897 -3.83528331109772 48.2588678609498
-15.6430132796386 -4.07990047347953 47.3537789929793
-15.5111609355035 -4.72927585008634 46.9022418753238
-15.4689246807674 -4.16826644579934 46.9884323845064
-15.6202367250382 -4.64418099094419 47.7117635443446
-15.6129033305469 -5.15933960315776 47.4508468806974
-15.4204367175463 -5.71240403663594 47.3995052670156
-15.3906179754035 -7.27236549612035 47.2093730530027
-15.0818774838157 -7.21423950302488 46.9952139158854
-14.9953409122947 -7.35969176008223 47.408331262348
-13.9225846360363 -7.90107281129364 47.3891253142046
-14.2074248967724 -8.46789705118554 47.2445916902803
-14.4983853250036 -7.84052070181952 46.5672868314861
-14.5828470126069 -7.59786497056355 46.7938852948302
-14.5608835498812 -7.85959499437075 47.2981624173481
-14.0553127051891 -8.50204569049745 47.8153254904462
-13.9173595868451 -8.52223488040384 48.051512100814
-14.0474463021335 -7.90848163564973 48.6611961355024
-13.7911658379454 -8.29853512678798 48.5980509458247
-13.2336592973909 -9.1274616411037 48.0285433173118
-12.9501832948626 -9.27991640102297 49.136184388007
-12.8501912334985 -9.33579272820826 49.3789365468387
-12.4924377571221 -8.94815849867097 48.9313424632801
-12.4182475812678 -8.78930354797665 48.1818925024534
-12.1958262792856 -9.50179167495505 47.9557220903883
-12.083206618482 -8.95262905214566 48.203737119184
-12.0897370658567 -8.29018653216979 47.5399374030597
-11.6559774395687 -7.55367034056902 47.3765375300293
-12.445250587761 -7.73470539585383 48.369512284224
-12.3956701302547 -8.17389370182011 48.8780532167021
-12.1937601400212 -8.27996291676696 48.913181227857
-11.7737988594173 -8.57084422270654 48.781714452602
-11.0678474236049 -8.74143271185247 48.6396377344894
-10.2970965698978 -9.0216681238418 48.3001693822958
-9.71110975396681 -9.40877951833843 47.6822218735219
-9.46564404465109 -9.32226156917838 46.9833631927555
-9.32538703290213 -8.96623173944977 46.8854236325359
-9.27884232401742 -9.00037927499182 47.0520415605633
-9.49469611489087 -8.97078813000068 47.1386697410195
-9.38117993441292 -8.68930836776193 46.9912374037604
-9.12733053246297 -8.60190521106016 47.1337086705543
-8.90149211766745 -8.45505359013466 46.5729789835029
-8.48554838241499 -7.71347041289281 46.7026679446371
-8.47052973448051 -7.66848244998804 46.3481920015495
-8.13387791031046 -7.08726922381855 46.0682271389154
-7.98393916877277 -6.94663869467325 46.3560920901224
-7.92798987625125 -7.13342168398402 46.6658023458275
-7.90615372667522 -7.43519945709404 46.611488792549
-8.23850294953735 -7.77521120971191 46.9560594602671
-7.93412998442301 -8.19131606328306 46.8803084884225
-7.09518760268021 -8.31433378848916 47.1595745805367
-5.8756567565348 -7.5840972267309 46.7635302051915
-5.71461698945404 -8.10677820785505 46.1199976651633
-5.30800221088618 -8.12644077280746 45.8773907198984
-6.34198418627246 -8.62078463988144 45.6894675360614
-6.51471275590382 -9.94151734609672 45.2032812827685
-6.82909850601861 -9.42500370061335 45.6833227304717
-7.14937398880475 -9.39861854465886 46.455144925344
-7.55749539222253 -9.26983706740304 46.6344931736528
-7.83335074191704 -9.35685783219701 47.0010191652388
-8.20107374515036 -9.31544499898089 47.3193814652909
-8.87307680074053 -9.3138015345678 47.5352648645291
-9.66841288743015 -9.41520362312564 47.7772288024911
-10.020409488315 -9.2835574068943 48.0060322314169
-9.9180791003207 -8.73835297432599 48.4735144745507
-9.5851156097071 -8.96381542008855 48.9990338765082
-9.52594901435206 -9.78730715464689 49.6401730323738
-9.44527497654095 -10.4895439670988 50.7222091836712
-9.17537995752534 -10.1076360703628 50.6829086322418
-9.81565074550846 -10.4383921628541 50.681077242795
-9.40109742577122 -10.3599928301684 50.9274067139696
-8.50051089446414 -10.8287731098565 51.5671401889189
-8.66052124556273 -10.5420385393021 51.7238294495013
-8.84412130675078 -10.1975052613337 51.6748334798916
-8.86050389330983 -10.3378006501327 51.7831913117207
-9.01877456230688 -10.1510718922315 51.0563036994028
-8.48674665376761 -10.1545559478455 50.7966743691662
-7.32374010526703 -9.80509027312215 51.3548448288931
-7.17475388685178 -9.3781148822537 51.66935099785
-7.38770544290419 -9.11198751876515 51.4648278805675
-7.44826106899725 -9.02807672351287 51.8594771900499
-7.66274722257052 -9.49200147598977 52.4457383719599
-7.68766374844695 -9.90346648479037 52.6732026808654
-8.17913086410835 -9.65441237968148 52.9612426445513
-8.81106078657096 -9.59503169377324 53.2962627782427
-9.315946353332 -9.02172433483512 53.1699896185038
-9.31755309839582 -8.40659232168652 52.303052350146
-9.13052389015698 -7.98297025066488 51.5398201281503
-9.4427214563575 -7.36791061364297 51.0431029294708
-9.80419975679688 -7.18464901229894 50.1130536213069
-9.42831676188567 -7.72422351840684 49.8267421478849
-8.77986289239031 -8.42692801868414 49.5732870282843
-8.07710066051406 -8.84019293505207 48.7319500775618
-8.00221892148631 -9.09680444262545 48.0103696912452
-7.93038464009269 -9.49099060911443 47.738648902058
-7.74714591987229 -9.59065017161391 47.4221750248149
