0.0 0.0 6.6573956140660755
5.95455565846428 0.0 2.9772778292321402
1.8400588924169679 5.663118960624632 2.9772778292321402
-4.817336721649107 3.500000000000001 2.9772778292321402
-4.817336721649108 -3.4999999999999996 2.9772778292321402
1.8400588924169665 -5.663118960624632 2.9772778292321402
-5.95455565846428 0.0 -2.9772778292321394
-1.8400588924169679 5.663118960624632 -2.9772778292321394
4.817336721649107 3.500000000000001 -2.9772778292321394
4.817336721649108 -3.4999999999999996 -2.9772778292321394
-1.8400588924169665 -5.663118960624632 -2.9772778292321394
0.0 0.0 -6.6573956140660755
5.605933389827808
15.605933389827808
1.25
80
1.0
